LECROYWR44Xi,13218,Waveform
Segments,1,SegmentSize,637
Segment,TrigTime,TimeSinceSegment1
#1,15-Jul-2010 15:41:38,0                 
Time,Ampl
0,-117.958
1.52588,-47.9044
3.05176,-56.8291
4.57764,-63.3642
6.10352,-60.8592
7.62939,-61.8833
9.15527,-63.6516
10.6812,-61.8416
12.207,-66.4955
13.7329,-64.3122
15.2588,-70.6336
16.7847,-65.1447
18.3105,-63.0818
19.8364,-56.9716
21.3623,-60.0586
22.8882,-58.7422
24.4141,-64.9777
25.9399,-53.6045
27.4658,-62.873
28.9917,-61.3872
30.5176,-73.9098
32.0435,-57.561
33.5693,-53.8526
35.0952,-64.042
36.6211,-51.5195
38.147,-57.1607
39.6729,-60.9918
41.1987,-54.6876
42.7246,-56.058
44.2505,-58.5581
45.7764,-67.522
47.3022,-64.7297
48.8281,-65.4296
50.354,-55.1542
51.8799,-71.3286
53.4058,-58.8798
54.9316,-63.3642
56.4575,-60.5621
57.9834,-58.4819
59.5093,-67.4901
61.0352,-61.8244
62.561,-52.691
64.0869,-55.9941
65.6128,-59.9162
67.1387,-69.1355
68.6646,-64.0273
70.1904,-58.1135
71.7163,-61.203
73.2422,-56.6891
74.7681,-62.3671
76.2939,-61.3823
77.8198,-62.2443
79.3457,-61.8686
80.8716,-59.339
82.3975,-55.8173
83.9233,-61.0852
85.4492,-63.907
86.9751,-58.3911
88.501,-59.8941
90.0269,-71.0732
91.5527,-68.7131
93.0786,-59.9432
94.6045,-57.8999
96.1304,-57.3915
97.6562,-70.9996
99.1821,-62.4703
100.708,-61.709
102.234,-55.7633
103.76,-57.7034
105.286,-53.1895
106.812,-50.2302
108.337,-68.0476
109.863,-61.2276
111.389,-62.8804
112.915,-69.9337
114.441,-62.0896
115.967,-61.7777
117.493,-61.2497
119.019,-56.2495
120.544,-65.8324
122.07,-52.1973
123.596,-59.0762
125.122,-60.8789
126.648,-59.7737
128.174,-58.9805
129.7,-55.8369
131.226,-58.0669
132.751,-60.0316
134.277,-58.9633
135.803,-64.2385
137.329,-61.1687
138.855,-59.8941
140.381,-57.9367
141.907,-63.1506
143.433,-64.4448
144.958,-68.8605
146.484,-61.9766
148.01,-58.7496
149.536,-63.6295
151.062,-56.8488
152.588,-57.5315
154.114,-58.5531
155.64,-64.3515
157.166,-67.9248
158.691,-65.6752
160.217,-64.462
161.743,-60.1347
163.269,-54.5574
164.795,-54.4592
166.321,-64.2655
167.847,-59.9137
169.373,-72.559
170.898,-65.1767
172.424,-66.0755
173.95,-59.8179
175.476,-60.9083
177.002,-65.8176
178.528,-59.9555
180.054,-64.8083
181.58,-77.1098
183.105,-64.4645
184.631,-53.7175
186.157,-60.5792
187.683,-70.2652
189.209,-59.4299
190.735,-69.2854
192.261,-66.9596
193.787,-74.5802
195.312,-72.4043
196.838,-61.1024
198.364,-59.3538
199.89,-66.6674
201.416,-61.429
202.942,-59.5502
204.468,-63.1407
205.994,-66.9719
207.52,-68.3497
209.045,-58.062
210.571,-70.5698
212.097,-64.1673
213.623,-59.9432
215.149,-70.9627
216.675,-66.2695
218.201,-53.5554
219.727,-73.9491
221.252,-59.6853
222.778,-53.5947
224.304,-62.7085
225.83,-75.1844
227.356,-57.0059
228.882,-66.1885
230.408,-65.6654
231.934,-67.2421
233.459,-66.2892
234.985,-80.801
236.511,-60.287
238.037,-53.1134
239.563,-76.3215
241.089,-63.1358
242.615,-56.1169
244.141,-56.0383
245.667,-56.4485
247.192,-62.0454
248.718,-60.5301
250.244,-69.833
251.77,-56.4976
253.296,-62.8043
254.822,-55.4587
256.348,-62.8166
257.874,-54.6041
259.399,-64.5774
260.925,-55.4022
262.451,-57.836
263.977,-58.2609
265.503,-57.475
267.029,-57.4897
268.555,-55.3605
270.081,-72.7555
271.606,-67.2863
273.132,-67.8487
274.658,-59.5134
276.184,-56.0973
277.71,-62.1265
279.236,-59.5159
280.762,-64.7518
282.288,-58.2511
283.813,-77.2719
285.339,-57.3006
286.865,-59.8106
288.391,-58.0374
289.917,-57.529
291.443,-54.7293
292.969,-62.8018
294.495,-60.3238
296.021,-63.5435
297.546,-55.6552
299.072,-66.5028
300.598,-60.4908
302.124,-67.0652
303.65,-56.9372
305.176,-63.1899
306.702,-60.9108
308.228,-76.0415
309.753,-64.6339
311.279,-58.3763
312.805,-61.2841
314.331,-64.7027
315.857,-61.1171
317.383,-57.5757
318.909,-59.6411
320.435,-60.8764
321.96,-61.375
323.486,-61.289
325.012,-70.1817
326.538,-58.0792
328.064,-62.819
329.59,-76.7316
331.116,-66.5176
332.642,-55.6601
334.167,-63.7645
335.693,-66.466
337.219,-54.2971
338.745,-65.5008
340.271,-58.757
341.797,-61.7605
343.323,-71.5325
344.849,-59.9112
346.375,-62.7478
347.9,-59.9997
349.426,-57.6666
350.952,-77.1221
352.478,-59.4324
354.004,-68.7794
355.53,-56.8193
357.056,-61.4142
358.582,-59.1794
360.107,-54.9135
361.633,-58.3002
363.159,-58.1553
364.685,-58.5212
366.211,-56.4313
367.737,-62.5783
369.263,-57.8508
370.789,-65.2995
372.314,-57.2884
373.84,-68.2784
375.366,-57.1656
376.892,-63.1555
378.418,-59.7197
379.944,-69.0668
381.47,-59.9162
382.996,-60.8666
384.521,-63.6172
386.047,-61.9226
387.573,-59.3513
389.099,-76.1029
390.625,-58.0448
392.151,-59.6878
393.677,-62.7773
395.203,-63.5582
396.729,-62.0651
398.254,-66.2106
399.78,-62.0503
401.306,-55.8566
402.832,-59.199
404.358,-66.8221
405.884,-57.2343
407.41,-65.9675
408.936,-64.6241
410.461,-53.9582
411.987,-62.431
413.513,-72.397
415.039,-56.4656
416.565,-54.9774
418.091,-56.1488
419.617,-56.085
421.143,-58.2216
422.668,-58.7987
424.194,-66.2769
425.72,-57.2859
427.246,-66.5348
428.772,-52.6541
430.298,-55.7927
431.824,-61.876
433.35,-57.6887
434.875,-69.9165
436.401,-58.3002
437.927,-58.6096
439.453,-66.6993
440.979,-69.1184
442.505,-59.2359
444.031,-57.9465
445.557,-56.9593
447.083,-60.4663
448.608,-66.3579
450.134,-58.671
451.66,-76.012
453.186,-67.2028
454.712,-68.6247
456.238,-57.0059
457.764,-63.0793
459.29,-64.7027
460.815,-62.3278
462.341,-58.838
463.867,-59.4274
465.393,-58.0374
466.919,-58.8036
468.445,-59.6337
469.971,-67.7332
471.497,-67.4729
473.022,-58.2069
474.548,-69.5604
476.074,-52.9906
477.6,-54.5353
479.126,-62.264
480.652,-60.2968
482.178,-64.7837
483.704,-68.6738
485.229,-67.9076
486.755,-59.8155
488.281,-72.0089
489.807,-55.9254
491.333,-62.7281
492.859,-57.5241
494.385,-58.4132
495.911,-54.7367
497.437,-58.7324
498.962,-62.1436
500.488,-61.1146
502.014,-53.6758
503.54,-57.5315
505.066,-67.662
506.592,-65.1939
508.118,-65.6629
509.644,-57.9907
511.169,-59.98
512.695,-55.3728
514.221,-68.4847
515.747,-60.5203
517.273,-62.178
518.799,-55.7191
520.325,-60.6406
521.851,-68.1851
523.376,-60.9673
524.902,-61.6058
526.428,-60.5743
527.954,-59.6043
529.48,-64.2311
531.006,-60.7585
532.532,-68.7033
534.058,-60.1274
535.583,-61.0115
537.109,-66.2081
538.635,-57.2319
540.161,-65.0981
541.687,-60.4933
543.213,-60.7708
544.739,-67.4508
546.265,-56.8979
547.791,-54.9283
549.316,-57.0084
550.842,-58.0964
552.368,-60.4344
553.894,-55.8541
555.42,-52.1384
556.946,-62.458
558.472,-61.7998
559.998,-59.84
561.523,-56.36
563.049,-63.0842
564.575,-72.4952
566.101,-59.646
567.627,-69.2411
569.153,-55.3973
570.679,-54.7146
572.205,-58.3739
573.73,-58.8331
575.256,-66.6698
576.782,-58.2462
578.308,-56.4116
579.834,-61.6991
581.36,-57.7574
582.886,-62.0822
584.412,-59.9432
585.937,-55.3826
587.463,-67.8364
588.989,-54.857
590.515,-63.3421
592.041,-68.5805
593.567,-74.2143
595.093,-65.0072
596.619,-67.5171
598.145,-57.502
599.67,-70.7147
601.196,-62.7699
602.722,-67.3452
604.248,-58.6145
605.774,-55.9475
607.3,-58.5237
608.826,-63.3961
610.352,-75.791
611.877,-49.4934
613.403,-60.2452
614.929,-63.9094
616.455,-58.0767
617.981,-63.32
619.507,-69.7864
621.033,-56.2962
622.559,-55.2181
624.084,-60.8568
625.61,-62.2271
627.136,-59.9432
628.662,-56.6204
630.188,-59.8744
631.714,-51.6349
633.24,-62.5808
634.766,-58.3125
636.292,-60.8764
637.817,-56.8954
639.343,-69.7642
640.869,-60.034
642.395,-59.786
643.921,-63.1407
645.447,-61.9914
646.973,-62.3401
648.499,-63.5877
650.024,-74.9191
651.55,-63.5533
653.076,-55.9892
654.602,-57.4284
656.128,-61.7114
657.654,-56.1881
659.18,-63.347
660.706,-70.1744
662.231,-62.4162
663.757,-63.0155
665.283,-56.3527
666.809,-58.4426
668.335,-59.2138
669.861,-57.9539
671.387,-60.4565
672.913,-58.9363
674.438,-70.8154
675.964,-73.5807
677.49,-79.6688
679.016,-53.9877
680.542,-59.1033
682.068,-60.6185
683.594,-61.1613
685.12,-54.8595
686.646,-77.4954
688.171,-61.0852
689.697,-60.1568
691.223,-58.035
692.749,-77.4806
694.275,-55.2745
695.801,-61.2546
697.327,-65.4296
698.853,-59.8769
700.378,-58.4525
701.904,-57.9072
703.43,-58.3149
704.956,-63.1137
706.482,-61.704
708.008,-54.4936
709.534,-62.0184
711.06,-64.5332
712.585,-56.6769
714.111,-60.6505
715.637,-62.8608
717.163,-83.9863
718.689,-54.6802
720.215,-53.5751
721.741,-61.5837
723.267,-68.3546
724.792,-65.1472
726.318,-56.8537
727.844,-70.9062
729.37,-68.9636
730.896,-61.7286
732.422,-61.9693
733.948,-73.7624
735.474,-62.4605
737,-64.074
738.525,-60.1691
740.051,-74.3199
741.577,-59.5404
743.103,-52.4159
744.629,-58.8208
746.155,-56.4927
747.681,-69.025
749.207,-59.8007
750.732,-60.9255
752.258,-57.1312
753.784,-65.7833
755.31,-56.9372
756.836,-52.3962
758.362,-61.4241
759.888,-92.4959
761.414,-60.3238
762.939,-65.4198
764.465,-61.289
765.991,-58.369
767.517,-62.7429
769.043,-58.0939
770.569,-67.3403
772.095,-66.1811
773.621,-66.9817
775.146,-65.437
776.672,-62.043
778.198,-62.345
779.724,-58.2855
781.25,-59.3243
782.776,-61.3504
784.302,-64.4939
785.828,-66.3604
787.354,-58.4009
788.879,-59.4176
790.405,-64.2213
791.931,-70.5354
793.457,-57.3449
794.983,-65.9036
796.509,-67.0849
798.035,-64.7518
799.561,-70.1793
801.086,-53.133
802.612,-55.9303
804.138,-66.0313
805.664,-52.2808
807.19,-64.2483
808.716,-57.4136
810.242,-75.8082
811.768,-58.2216
813.293,-69.6022
814.819,-59.8621
816.345,-56.5983
817.871,-56.8979
819.397,-68.2465
820.923,-64.575
822.449,-58.2437
823.975,-62.905
825.5,-59.9334
827.026,-57.6985
828.552,-56.0015
830.078,-59.9481
831.604,-56.3158
833.13,-58.4967
834.656,-60.9255
836.182,-58.2683
837.708,-68.3988
839.233,-61.2055
840.759,-56.6523
842.285,-58.978
843.811,-56.9274
845.337,-64.1575
846.863,-56.6007
848.389,-66.1934
849.915,-68.5191
851.44,-60.8371
852.966,-58.8135
854.492,-66.8368
856.018,-55.3752
857.544,-58.1062
859.07,-69.057
860.596,-70.4715
862.122,-57.5094
863.647,-53.5309
865.173,-56.6572
866.699,-63.4821
868.225,-68.998
869.751,-60.7217
871.277,-57.7673
872.803,-58.3911
874.329,-71.5767
875.854,-65.0809
877.38,-61.9816
878.906,-54.8079
880.432,-72.7481
881.958,-66.1639
883.484,-67.8364
885.01,-62.2812
886.536,-56.6719
888.062,-61.3799
889.587,-56.8242
891.113,-64.1305
892.639,-60.7192
894.165,-69.4867
895.691,-58.6244
897.217,-56.0874
898.743,-68.61
900.269,-56.7235
901.794,-59.3636
903.32,-64.6241
904.846,-64.214
906.372,-62.4138
907.898,-57.976
909.424,-59.452
910.95,-60.3852
912.476,-58.2855
914.001,-60.1274
915.527,-64.548
917.053,-59.8744
918.579,-56.866
920.105,-55.3654
921.631,-63.0744
923.157,-61.0704
924.683,-70.28
926.208,-61.7532
927.734,-64.543
929.26,-73.0625
930.786,-63.5656
932.312,-68.1286
933.838,-59.2138
935.364,-59.5527
936.89,-64.8967
938.416,-54.9897
939.941,-65.4493
941.467,-63.4625
942.993,-69.0299
944.519,-59.6043
946.045,-58.9019
947.571,-54.8325
949.097,-59.064
950.623,-56.4853
952.148,-63.6835
953.674,-58.8921
955.2,-60.7855
956.726,-63.1506
958.252,-56.6326
959.778,-60.5375
961.304,-59.4176
962.83,-58.4623
964.355,-60.4172
965.881,-62.377
967.407,-69.8649
968.933,-58.2486
970.459,-60.5915
