LECROYWR44Xi,13218,Waveform
Segments,1,SegmentSize,1479
Segment,TrigTime,TimeSinceSegment1
#1,15-Jul-2010 18:50:40,0                 
Time,Ampl
0,-117.958
15.25879,-53.9042
30.51758,-62.8411
45.77637,-64.5627
61.03516,-58.7472
76.29395,-63.6909
91.55273,-57.2638
106.8115,-67.9543
122.0703,-53.8452
137.3291,-48.5258
152.5879,-56.112
167.8467,-56.1808
183.1055,-58.0006
198.3643,-59.9235
213.623,-60.3165
228.8818,-67.8487
244.1406,-73.3474
259.3994,-64.4006
274.6582,-68.7745
289.917,-74.0891
305.1758,-63.1137
320.4346,-58.3395
335.6934,-56.2348
350.9521,-53.2165
366.2109,-55.0535
381.4697,-61.7458
396.7285,-60.6112
411.9873,-67.6792
427.2461,-57.2319
442.5049,-54.8497
457.7637,-65.0121
473.0225,-63.5288
488.2813,-64.6364
503.54,-54.1792
518.7988,-69.386
534.0576,-70.4298
549.3164,-57.7255
564.5752,-61.596
579.834,-55.4415
595.0928,-70.2603
610.3516,-66.1615
625.6104,-63.0032
640.8691,-65.4591
656.1279,-62.0822
671.3867,-54.9946
686.6455,-58.364
701.9043,-54.9258
717.1631,-63.0548
732.4219,-61.5297
747.6807,-65.8201
762.9395,-56.4779
778.1982,-56.6326
793.457,-68.2293
808.7158,-57.3547
823.9746,-55.4096
839.2334,-69.6022
854.4922,-58.8552
869.751,-73.4702
885.0098,-61.736
900.2686,-67.2764
915.5273,-63.9021
930.7861,-59.5944
946.0449,-64.0617
961.3037,-57.6543
976.5625,-63.4551
991.8213,-64.5553
1007.08,-56.0555
1022.339,-63.3519
1037.598,-60.7659
1052.856,-63.8824
1068.115,-69.5997
1083.374,-71.9107
1098.633,-63.5484
1113.892,-68.8629
1129.15,-59.3562
1144.409,-61.3971
1159.668,-62.8681
1174.927,-70.14
1190.186,-68.3497
1205.444,-64.6806
1220.703,-59.6288
1235.962,-59.2654
1251.221,-64.9335
1266.479,-64.6486
1281.738,-61.2104
1296.997,-58.9952
1312.256,-55.5742
1327.515,-63.1874
1342.773,-59.0296
1358.032,-59.3096
1373.291,-63.6786
1388.55,-66.8933
1403.809,-60.3091
1419.067,-60.2182
1434.326,-55.8811
1449.585,-59.5257
1464.844,-58.9461
1480.103,-59.1229
1495.361,-64.9335
1510.62,-61.4364
1525.879,-72.7825
1541.138,-83.2323
1556.396,-58.7472
1571.655,-56.9126
1586.914,-62.5562
1602.173,-61.456
1617.432,-64.9679
1632.69,-67.5908
1647.949,-56.9126
1663.208,-64.2754
1678.467,-68.023
1693.726,-67.9248
1708.984,-67.4705
1724.243,-73.286
1739.502,-60.7143
1754.761,-70.8031
1770.02,-66.1983
1785.278,-65.4001
1800.537,-63.7547
1815.796,-75.0837
1831.055,-61.6746
1846.313,-57.0452
1861.572,-69.1724
1876.831,-62.1093
1892.09,-63.2979
1907.349,-63.7007
1922.607,-62.9148
1937.866,-67.4017
1953.125,-62.0528
1968.384,-56.699
1983.643,-58.0423
1998.901,-56.947
2014.16,-55.7362
2029.419,-60.5154
2044.678,-66.8982
2059.937,-62.1265
2075.195,-55.6135
2090.454,-64.9826
2105.713,-63.7056
2120.972,-74.4771
2136.23,-67.9813
2151.489,-58.4696
2166.748,-59.3611
2182.007,-58.6416
2197.266,-54.4788
2212.524,-57.0158
2227.783,-60.7929
2243.042,-57.9711
2258.301,-61.3676
2273.56,-63.293
2288.818,-55.8541
2304.077,-60.8666
2319.336,-56.7628
2334.595,-60.1323
2349.854,-62.4064
2365.112,-66.6011
2380.371,-60.1151
2395.63,-59.1843
2410.889,-62.5808
2426.147,-56.4656
2441.406,-58.4009
2456.665,-65.2356
2471.924,-60.0733
2487.183,-67.3157
2502.441,-68.023
2517.7,-69.1454
2532.959,-65.049
2548.218,-56.3281
2563.477,-71.7388
2578.735,-67.3894
2593.994,-64.8574
2609.253,-73.6445
2624.512,-59.4029
2639.771,-65.4689
2655.029,-62.8927
2670.288,-68.109
2685.547,-69.666
2700.806,-57.2
2716.064,-58.2781
2731.323,-59.6509
2746.582,-53.5309
2761.841,-57.0084
2777.1,-64.3908
2792.358,-64.7641
2807.617,-67.6301
2822.876,-74.4427
2838.135,-58.4549
2853.394,-58.6907
2868.652,-56.0973
2883.911,-58.9043
2899.17,-54.5869
2914.429,-62.6962
2929.688,-68.9808
2944.946,-66.9474
2960.205,-67.3133
2975.464,-57.0894
2990.723,-60.4712
3005.981,-55.7043
3021.24,-60.4049
3036.499,-63.2439
3051.758,-71.3409
3067.017,-54.8865
3082.275,-62.7404
3097.534,-60.6701
3112.793,-73.6691
3128.052,-55.3433
3143.311,-62.1903
3158.569,-58.5433
3173.828,-58.8208
3189.087,-55.4686
3204.346,-59.5085
3219.604,-57.9588
3234.863,-61.2644
3250.122,-65.3903
3265.381,-65.8815
3280.64,-57.6273
3295.898,-56.64
3311.157,-65.2847
3326.416,-65.1546
3341.675,-60.7487
3356.934,-61.0704
3372.192,-63.6
3387.451,-60.341
3402.71,-57.2368
3417.969,-61.4732
3433.228,-56.0899
3448.486,-58.5065
3463.745,-66.7116
3479.004,-62.431
3494.263,-59.6092
3509.521,-68.6665
3524.78,-57.0109
3540.039,-57.1754
3555.298,-67.0849
3570.557,-59.8818
3585.815,-67.9322
3601.074,-62.7822
3616.333,-62.7502
3631.592,-63.7105
3646.851,-80.9213
3662.109,-60.7364
3677.368,-71.2697
3692.627,-63.8775
3707.886,-59.5674
3723.145,-64.9556
3738.403,-61.8391
3753.662,-62.0872
3768.921,-55.0265
3784.18,-64.4767
3799.438,-60.2895
3814.697,-62.5955
3829.956,-66.0239
3845.215,-68.2981
3860.474,-55.0437
3875.732,-64.7493
3890.991,-75.1868
3906.25,-54.1817
3921.509,-57.3301
3936.768,-60.6701
3952.026,-64.5578
3967.285,-67.6939
3982.544,-60.1396
3997.803,-67.0922
4013.062,-61.9128
4028.32,-63.4182
4043.579,-65.2921
4058.838,-66.38
4074.097,-63.2267
4089.355,-79.3446
4104.614,-63.4821
4119.873,-58.2707
4135.132,-70.28
4150.391,-57.8925
4165.649,-60.8936
4180.908,-82.3556
4196.167,-63.5656
4211.426,-60.5277
4226.685,-60.8887
4241.943,-72.1931
4257.202,-57.4357
4272.461,-56.1513
4287.72,-60.508
4302.979,-64.6118
4318.237,-66.9817
4333.496,-55.083
4348.755,-66.3162
4364.014,-65.55
4379.272,-65.2454
4394.531,-59.1278
4409.79,-66.6379
4425.049,-59.8351
4440.308,-54.6483
4455.566,-63.6761
4470.825,-61.2841
4486.084,-61.1245
4501.343,-60.6775
4516.602,-63.2783
4531.86,-62.9762
4547.119,-65.9282
4562.378,-75.5405
4577.637,-59.9677
4592.896,-63.8947
4608.154,-57.5241
4623.413,-56.5369
4638.672,-82.4734
4653.931,-68.2858
4669.189,-59.2089
4684.448,-68.9759
4699.707,-55.1517
4714.966,-77.0754
4730.225,-64.8967
4745.483,-60.039
4760.742,-61.1809
4776.001,-59.759
4791.26,-63.2955
4806.519,-60.8273
4821.777,-67.8388
4837.036,-58.8552
4852.295,-68.5142
4867.554,-60.8592
4882.813,-62.3524
4898.071,-64.5283
4913.33,-63.9708
4928.589,-59.9825
4943.848,-62.5022
4959.106,-58.4672
4974.365,-68.1016
4989.624,-56.6646
5004.883,-64.2975
5020.142,-81.2381
5035.4,-59.1745
5050.659,-76.3927
5065.918,-59.5576
5081.177,-65.965
5096.436,-54.7392
5111.694,-54.7809
5126.953,-67.4754
5142.212,-60.1617
5157.471,-60.6014
5172.729,-66.3678
5187.988,-64.5209
5203.247,-63.8308
5218.506,-64.5283
5233.765,-64.5799
5249.023,-61.3823
5264.282,-58.6833
5279.541,-69.9583
5294.8,-66.6772
5310.059,-64.5553
5325.317,-59.7762
5340.576,-59.9309
5355.835,-58.0521
5371.094,-55.6847
5386.353,-62.6766
5401.611,-56.8144
5416.87,-63.5386
5432.129,-68.4037
5447.388,-57.8704
5462.646,-65.1595
5477.905,-60.0316
5493.164,-71.8321
5508.423,-65.3977
5523.682,-59.0026
5538.94,-60.6603
5554.199,-69.2632
5569.458,-60.3828
5584.717,-72.4436
5599.976,-60.901
5615.234,-57.9367
5630.493,-63.6516
5645.752,-61.7335
5661.011,-54.857
5676.27,-58.2658
5691.528,-60.9943
5706.787,-72.9029
5722.046,-63.961
5737.305,-59.9039
5752.563,-58.9878
5767.822,-55.0486
5783.081,-64.8967
5798.34,-59.9432
5813.599,-56.5246
5828.857,-63.1113
5844.116,-59.0099
5859.375,-61.4511
5874.634,-56.8463
5889.893,-62.4285
5905.151,-57.561
5920.41,-66.9081
5935.669,-61.0041
5950.928,-68.5756
5966.187,-61.6697
5981.445,-62.0577
5996.704,-60.5621
6011.963,-67.4066
6027.222,-62.2935
6042.48,-59.4741
6057.739,-56.3355
6072.998,-67.1905
6088.257,-70.7417
6103.516,-58.7496
6118.774,-65.0932
6134.033,-67.7455
6149.292,-67.4385
6164.551,-65.5598
6179.81,-63.2316
6195.068,-57.6543
6210.327,-72.2447
6225.586,-56.8463
6240.845,-61.4756
6256.104,-63.0646
6271.362,-55.8787
6286.621,-58.1528
6301.88,-64.4252
6317.139,-63.848
6332.397,-60.206
6347.656,-66.3727
6362.915,-64.8893
6378.174,-68.6272
6393.433,-54.6483
6408.691,-68.9317
6423.95,-65.4149
6439.209,-58.0521
6454.468,-64.489
6469.727,-65.8594
6484.985,-57.6518
6500.244,-61.4756
6515.503,-66.0829
6530.762,-62.3745
6546.021,-58.7594
6561.279,-54.0245
6576.538,-66.7582
6591.797,-56.9863
6607.056,-73.1534
6622.314,-59.3562
6637.573,-55.9131
6652.832,-60.6505
6668.091,-55.3777
6683.35,-66.6846
6698.608,-57.6543
6713.867,-58.0742
6729.126,-62.1412
6744.385,-64.3367
6759.644,-58.6907
6774.902,-85.2854
6790.161,-67.8781
6805.42,-62.6864
6820.679,-60.1249
6835.938,-75.3465
6851.196,-54.9307
6866.455,-64.8599
6881.714,-63.4428
6896.973,-53.9287
6912.231,-69.4966
6927.49,-65.2847
6942.749,-61.0974
6958.008,-68.8924
6973.267,-60.869
6988.525,-61.483
7003.784,-60.5891
7019.043,-54.9086
7034.302,-68.7082
7049.561,-66.6232
7064.819,-69.9976
7080.078,-61.1662
7095.337,-69.4966
7110.596,-59.7885
7125.854,-55.6012
7141.113,-58.5261
7156.372,-59.1622
7171.631,-64.1329
7186.89,-56.6474
7202.148,-63.7056
7217.407,-61.7286
7232.666,-64.2655
7247.925,-58.3247
7263.184,-58.951
7278.442,-63.3839
7293.701,-58.1799
7308.96,-81.2234
7324.219,-58.3886
7339.478,-59.9628
7354.736,-62.6766
7369.995,-58.8773
7385.254,-65.2233
7400.513,-59.7909
7415.771,-59.1082
7431.03,-58.5507
7446.289,-66.0239
7461.548,-55.4244
7476.807,-61.5518
7492.065,-58.2044
7507.324,-60.5301
7522.583,-67.3354
7537.842,-65.0023
7553.101,-68.3202
7568.359,-55.9524
7583.618,-60.3828
7598.877,-60.4491
7614.136,-60.901
7629.395,-59.0762
7644.653,-61.9423
7659.912,-58.784
7675.171,-59.1278
7690.43,-55.4366
7705.688,-56.9274
7720.947,-57.9048
7736.206,-61.5542
7751.465,-67.3182
7766.724,-59.4127
7781.982,-62.6299
7797.241,-60.7708
7812.5,-58.1455
7827.759,-55.6356
7843.018,-57.8508
7858.276,-72.7113
7873.535,-58.0006
7888.794,-68.6591
7904.053,-61.2792
7919.312,-76.6604
7934.57,-59.7516
7949.829,-57.3178
7965.088,-61.0115
7980.347,-53.5137
7995.605,-73.0011
8010.864,-60.9157
8026.123,-54.6434
8041.382,-68.0476
8056.641,-62.264
8071.899,-63.5852
8087.158,-55.5643
8102.417,-61.9619
8117.676,-59.9432
8132.935,-65.6089
8148.193,-62.2247
8163.452,-59.1622
8178.711,-67.3108
8193.97,-59.7393
8209.229,-66.9891
8224.487,-67.08
8239.746,-64.602
8255.005,-58.8282
8270.264,-56.166
8285.522,-56.9986
8300.781,-62.2689
8316.04,-66.3555
8331.299,-55.8713
8346.558,-61.2743
8361.816,-72.8071
8377.075,-63.9119
8392.334,-55.0265
8407.593,-61.1441
8422.852,-70.0049
8438.11,-57.7181
8453.369,-58.1848
8468.628,-69.2485
8483.887,-57.9662
8499.146,-57.7599
8514.404,-60.5915
8529.663,-61.2399
8544.922,-58.8454
8560.181,-60.2895
8575.439,-51.6005
8590.698,-77.768
8605.957,-69.9091
8621.216,-58.3567
8636.475,-57.9097
8651.733,-63.5852
8666.992,-74.6809
8682.251,-60.5743
8697.51,-58.2388
8712.769,-62.5857
8728.027,-59.2211
8743.286,-65.0342
8758.545,-62.873
8773.804,-62.1338
8789.063,-61.4044
8804.321,-62.011
8819.58,-64.9679
8834.839,-63.1407
8850.098,-55.2303
8865.356,-62.5783
8880.615,-64.7002
8895.874,-59.506
8911.133,-74.0645
8926.392,-64.0322
8941.65,-56.2594
8956.909,-55.2058
8972.168,-57.3399
8987.427,-63.5631
9002.686,-59.538
9017.944,-66.1124
9033.203,-54.221
9048.462,-69.3246
9063.721,-66.4439
9078.979,-61.1809
9094.238,-57.8557
9109.497,-80.3589
9124.756,-57.8188
9140.015,-66.4709
9155.273,-62.0872
9170.532,-62.9074
9185.791,-57.3792
9201.05,-56.9003
9216.309,-63.7031
9231.567,-64.4031
9246.826,-63.708
9262.085,-72.2275
9277.344,-59.5011
9292.603,-66.6821
9307.861,-60.6554
9323.12,-62.5415
9338.379,-63.6123
9353.638,-66.6011
9368.896,-68.0157
9384.155,-64.1354
9399.414,-87.7364
9414.673,-66.5741
9429.932,-63.487
9445.19,-58.1234
9460.449,-54.6016
9475.708,-62.1805
9490.967,-59.7762
9506.226,-60.7585
9521.484,-63.2021
9536.743,-73.8557
9552.002,-64.1943
9567.261,-82.3605
9582.52,-53.828
9597.778,-66.5053
9613.037,-61.903
9628.296,-66.9375
9643.555,-69.8674
9658.813,-67.1586
9674.072,-66.1566
9689.331,-62.6004
9704.59,-63.3347
9719.849,-59.9874
9735.107,-61.5714
9750.366,-59.1868
9765.625,-59.1008
9780.884,-69.9484
9796.143,-63.4821
9811.401,-59.6215
9826.66,-77.6624
9841.919,-60.901
9857.178,-57.3105
9872.437,-64.7739
9887.695,-63.7473
9902.954,-60.8715
9918.213,-57.1582
9933.472,-73.0379
9948.73,-61.0238
9963.989,-58.8036
9979.248,-61.8956
9994.507,-57.4308
10009.77,-63.6172
10025.02,-63.0081
10040.28,-71.2083
10055.54,-65.3142
10070.8,-64.8967
10086.06,-58.7054
10101.32,-63.6123
10116.58,-63.6245
10131.84,-66.7877
10147.09,-70.8989
10162.35,-57.8778
10177.61,-63.1211
10192.87,-64.6486
10208.13,-58.4033
10223.39,-62.9541
10238.65,-61.3651
10253.91,-74.1308
10269.17,-70.3782
10284.42,-66.1148
10299.68,-53.9287
10314.94,-59.4495
10330.2,-64.0961
10345.46,-55.2819
10360.72,-52.0377
10375.98,-57.5119
10391.24,-57.5683
10406.49,-71.5153
10421.75,-58.8749
10437.01,-55.083
10452.27,-65.2945
10467.53,-64.1624
10482.79,-57.5487
10498.05,-61.2006
10513.31,-69.919
10528.56,-64.435
10543.82,-62.765
10559.08,-55.9204
10574.34,-60.7389
10589.6,-68.5044
10604.86,-59.8941
10620.12,-58.9387
10635.38,-66.7705
10650.63,-58.7791
10665.89,-63.5852
10681.15,-69.5039
10696.41,-61.1859
10711.67,-60.9182
10726.93,-55.6135
10742.19,-68.0353
10757.45,-59.5355
10772.71,-65.8176
10787.96,-73.8312
10803.22,-66.2229
10818.48,-56.8881
10833.74,-63.6663
10849,-61.8293
10864.26,-65.8152
10879.52,-55.6306
10894.78,-69.5972
10910.03,-63.5361
10925.29,-65.0293
10940.55,-62.3966
10955.81,-64.1206
10971.07,-68.9292
10986.33,-64.71
11001.59,-57.4971
11016.85,-57.448
11032.1,-70.4101
11047.36,-64.742
11062.62,-58.5802
11077.88,-60.2305
11093.14,-60.5056
11108.4,-63.9905
11123.66,-67.5834
11138.92,-63.7645
11154.17,-71.2672
11169.43,-62.4899
11184.69,-60.7954
11199.95,-63.6172
11215.21,-56.2962
11230.47,-70.8006
11245.73,-70.5722
11260.99,-61.2743
11276.25,-58.1234
11291.5,-57.8336
11306.76,-58.9019
11322.02,-65.2823
11337.28,-64.0322
11352.54,-54.5255
11367.8,-71.2697
11383.06,-62.6004
11398.32,-64.2852
11413.57,-61.1981
11428.83,-55.3826
11444.09,-62.6766
11459.35,-68.7696
11474.61,-65.1693
11489.87,-67.5048
11505.13,-56.5786
11520.39,-69.6439
11535.64,-60.3951
11550.9,-63.8603
11566.16,-54.8963
11581.42,-60.0807
11596.68,-77.574
11611.94,-63.8063
11627.2,-60.8862
11642.46,-69.3713
11657.71,-66.7705
11672.97,-69.2534
11688.23,-71.8002
11703.49,-67.134
11718.75,-56.9814
11734.01,-67.4434
11749.27,-63.6835
11764.53,-62.5931
11779.79,-60.3926
11795.04,-60.8715
11810.3,-66.1885
11825.56,-54.0024
11840.82,-57.5561
11856.08,-58.5556
11871.34,-63.9438
11886.6,-68.3963
11901.86,-67.0554
11917.11,-60.9697
11932.37,-57.2835
11947.63,-60.9354
11962.89,-55.7215
11978.15,-51.7479
11993.41,-60.8543
12008.67,-58.1062
12023.93,-64.9532
12039.18,-61.2301
12054.44,-70.9332
12069.7,-69.1994
12084.96,-66.5127
12100.22,-59.9137
12115.48,-58.4402
12130.74,-58.9829
12146,-64.5087
12161.25,-61.1269
12176.51,-59.7541
12191.77,-60.5301
12207.03,-53.7151
12222.29,-65.911
12237.55,-61.1859
12252.81,-61.1024
12268.07,-76.4442
12283.33,-60.034
12298.58,-58.5974
12313.84,-60.8445
12329.1,-71.4269
12344.36,-65.7022
12359.62,-63.514
12374.88,-62.1338
12390.14,-54.5599
12405.4,-57.2884
12420.65,-70.8571
12435.91,-63.0474
12451.17,-68.3546
12466.43,-62.571
12481.69,-65.6408
12496.95,-62.6103
12512.21,-56.1194
12527.47,-74.0449
12542.72,-72.2815
12557.98,-60.0832
12573.24,-65.9134
12588.5,-55.5963
12603.76,-56.1243
12619.02,-63.1751
12634.28,-62.1363
12649.54,-60.7561
12664.79,-63.1039
12680.05,-63.5361
12695.31,-58.9117
12710.57,-64.3785
12725.83,-51.5195
12741.09,-65.9896
12756.35,-64.1476
12771.61,-67.0284
12786.87,-56.058
12802.12,-57.8434
12817.38,-65.0833
12832.64,-69.4769
12847.9,-61.7163
12863.16,-67.0603
12878.42,-73.4996
12893.68,-54.5304
12908.94,-55.4194
12924.19,-57.3719
12939.45,-73.8459
12954.71,-77.3898
12969.97,-62.0331
12985.23,-56.5663
13000.49,-64.3146
13015.75,-62.8067
13031.01,-57.6911
13046.26,-58.0767
13061.52,-65.9773
13076.78,-58.5433
13092.04,-63.8308
13107.3,-67.2789
13122.56,-68.389
13137.82,-56.3306
13153.08,-66.4807
13168.33,-63.2046
13183.59,-55.1837
13198.85,-65.076
13214.11,-63.3863
13229.37,-60.2182
13244.63,-57.2491
13259.89,-61.7384
13275.15,-65.017
13290.41,-61.6549
13305.66,-57.6789
13320.92,-59.2555
13336.18,-66.3236
13351.44,-59.6583
13366.7,-60.2845
13381.96,-55.9131
13397.22,-65.3952
13412.48,-60.9206
13427.73,-68.3153
13442.99,-63.8136
13458.25,-57.4234
13473.51,-61.4609
13488.77,-58.4205
13504.03,-58.6072
13519.29,-54.5451
13534.55,-53.4425
13549.8,-61.3086
13565.06,-58.5335
13580.32,-65.7955
13595.58,-61.6451
13610.84,-61.0434
13626.1,-64.3146
13641.36,-63.1923
13656.62,-63.4453
13671.88,-63.9831
13687.13,-61.79
13702.39,-78.9222
13717.65,-55.8934
13732.91,-69.6979
13748.17,-58.73
13763.43,-72.3429
13778.69,-61.3651
13793.95,-61.9226
13809.2,-67.7136
13824.46,-60.1765
13839.72,-53.9017
13854.98,-53.5407
13870.24,-56.0236
13885.5,-60.9329
13900.76,-61.8612
13916.02,-70.1474
13931.27,-64.9704
13946.53,-60.8003
13961.79,-65.0981
13977.05,-60.2502
13992.31,-65.1374
14007.57,-61.8416
14022.83,-69.0864
14038.09,-55.5766
14053.34,-62.3401
14068.6,-59.1573
14083.86,-68.3669
14099.12,-62.9909
14114.38,-54.7441
14129.64,-68.4896
14144.9,-57.6911
14160.16,-63.4477
14175.42,-67.4926
14190.67,-62.9934
14205.93,-63.1358
14221.19,-55.1272
14236.45,-65.6384
14251.71,-63.3642
14266.97,-59.4913
14282.23,-64.7788
14297.49,-66.7951
14312.74,-66.3358
14328,-60.4884
14343.26,-67.7725
14358.52,-59.5208
14373.78,-55.7485
14389.04,-62.625
14404.3,-57.5904
14419.56,-57.4627
14434.81,-59.9505
14450.07,-62.1535
14465.33,-62.21
14480.59,-70.7171
14495.85,-74.2904
14511.11,-65.0465
14526.37,-56.0801
14541.63,-59.3096
14556.88,-71.53
14572.14,-56.3429
14587.4,-58.4623
14602.66,-63.6712
14617.92,-66.1173
14633.18,-66.466
14648.44,-69.3197
14663.7,-68.4454
14678.96,-67.387
14694.21,-56.6621
14709.47,-62.038
14724.73,-60.1888
14739.99,-62.3745
14755.25,-69.833
14770.51,-55.8517
14785.77,-55.0633
14801.03,-66.2548
14816.28,-58.4426
14831.54,-63.3274
14846.8,-62.2419
14862.06,-74.8111
14877.32,-61.6647
14892.58,-55.0879
14907.84,-60.2182
14923.1,-62.4605
14938.35,-57.2319
14953.61,-54.2431
14968.87,-61.8931
14984.13,-60.8396
14999.39,-66.0166
15014.65,-65.6826
15029.91,-67.1094
15045.17,-60.9845
15060.42,-56.1759
15075.68,-57.9932
15090.94,-68.8015
15106.2,-57.5119
15121.46,-62.4482
15136.72,-63.8333
15151.98,-64.6339
15167.24,-68.9342
15182.5,-62.3303
15197.75,-62.0773
15213.01,-82.1394
15228.27,-62.7552
15243.53,-54.555
15258.79,-66.7288
15274.05,-60.2551
15289.31,-64.3736
15304.57,-56.893
15319.82,-55.9254
15335.08,-67.4385
15350.34,-57.1852
15365.6,-56.1267
15380.86,-55.8713
15396.12,-61.3332
15411.38,-65.1791
15426.64,-69.1405
15441.89,-55.9008
15457.15,-64.1108
15472.41,-57.3424
15487.67,-61.1048
15502.93,-66.3997
15518.19,-67.7725
15533.45,-61.2522
15548.71,-68.9391
15563.96,-64.8795
15579.22,-58.9387
15594.48,-55.6945
15609.74,-68.136
15625,-73.6102
15640.26,-65.3166
15655.52,-54.7416
15670.78,-70.9283
15686.04,-60.6677
15701.29,-52.8064
15716.55,-66.2401
15731.81,-66.1615
15747.07,-56.9519
15762.33,-57.8311
15777.59,-63.3446
15792.85,-53.1502
15808.11,-69.1724
15823.36,-60.1568
15838.62,-69.1675
15853.88,-74.6294
15869.14,-55.7829
15884.4,-60.535
15899.66,-60.7315
15914.92,-61.0655
15930.18,-66.2769
15945.43,-62.2173
15960.69,-65.9896
15975.95,-64.5701
15991.21,-59.0394
16006.47,-63.4477
16021.73,-58.6661
16036.99,-55.3556
16052.25,-65.184
16067.5,-71.8272
16082.76,-56.9003
16098.02,-68.1507
16113.28,-57.2073
16128.54,-55.0167
16143.8,-53.6684
16159.06,-60.4024
16174.32,-72.004
16189.58,-57.3326
16204.83,-64.6732
16220.09,-62.0651
16235.35,-63.7842
16250.61,-59.4446
16265.87,-57.1386
16281.13,-63.2046
16296.39,-59.3267
16311.65,-58.8871
16326.9,-57.8876
16342.16,-67.0431
16357.42,-73.7772
16372.68,-55.778
16387.94,-64.6953
16403.2,-68.9735
16418.46,-63.2316
16433.72,-59.0984
16448.97,-77.7336
16464.23,-52.7032
16479.49,-63.2611
16494.75,-67.9494
16510.01,-63.5312
16525.27,-58.8822
16540.53,-67.3673
16555.79,-67.4582
16571.04,-53.9827
16586.3,-58.9977
16601.56,-61.7016
16616.82,-68.5265
16632.08,-54.4052
16647.34,-58.8479
16662.6,-58.8798
16677.86,-59.6681
16693.12,-56.6302
16708.37,-57.9416
16723.63,-58.9043
16738.89,-57.4161
16754.15,-66.3776
16769.41,-60.9476
16784.67,-56.8193
16799.93,-60.8297
16815.19,-61.5321
16830.44,-62.6692
16845.7,-69.1994
16860.96,-60.4024
16876.22,-59.2678
16891.48,-81.0048
16906.74,-67.9764
16922,-56.0727
16937.26,-69.1159
16952.51,-55.0732
16967.77,-56.5418
16983.03,-60.5522
16998.29,-64.1157
17013.55,-65.2675
17028.81,-57.6641
17044.07,-60.3828
17059.33,-64.4399
17074.58,-55.8541
17089.84,-55.5496
17105.1,-59.0812
17120.36,-71.5767
17135.62,-62.3598
17150.88,-60.6382
17166.14,-78.8019
17181.4,-62.4457
17196.66,-54.2848
17211.91,-58.5851
17227.17,-60.9746
17242.43,-63.3691
17257.69,-61.1122
17272.95,-61.6721
17288.21,-59.9186
17303.47,-60.4221
17318.73,-59.5871
17333.98,-63.5705
17349.24,-55.2156
17364.5,-55.2623
17379.76,-65.1472
17395.02,-58.2511
17410.28,-67.6375
17425.54,-59.5183
17440.8,-62.679
17456.05,-63.7154
17471.31,-58.5482
17486.57,-64.2262
17501.83,-67.9567
17517.09,-68.2097
17532.35,-61.6672
17547.61,-66.1762
17562.87,-72.9986
17578.13,-57.7992
17593.38,-58.1185
17608.64,-60.4884
17623.9,-72.4019
17639.16,-61.8637
17654.42,-61.3946
17669.68,-65.7219
17684.94,-53.2902
17700.2,-59.118
17715.45,-68.551
17730.71,-58.0595
17745.97,-62.0528
17761.23,-72.7089
17776.49,-57.4013
17791.75,-70.0295
17807.01,-63.5607
17822.27,-62.0847
17837.52,-60.648
17852.78,-64.1697
17868.04,-65.8815
17883.3,-55.2451
17898.56,-63.5681
17913.82,-64.4939
17929.08,-62.9492
17944.34,-64.8255
17959.59,-56.8046
17974.85,-56.6081
17990.11,-65.8152
18005.37,-63.1628
18020.63,-73.3056
18035.89,-58.3149
18051.15,-56.947
18066.41,-61.3872
18081.67,-62.7601
18096.92,-64.214
18112.18,-59.3857
18127.44,-76.7905
18142.7,-55.7019
18157.96,-56.1513
18173.22,-62.4973
18188.48,-66.3874
18203.74,-55.4686
18218.99,-58.9805
18234.25,-61.7139
18249.51,-60.6333
18264.77,-62.905
18280.03,-60.5719
18295.29,-68.6051
18310.55,-59.0296
18325.81,-65.5745
18341.06,-65.0219
18356.32,-69.833
18371.58,-69.7299
18386.84,-57.5069
18402.1,-58.229
18417.36,-59.3341
18432.62,-64.0298
18447.88,-62.6594
18463.13,-66.2769
18478.39,-56.9593
18493.65,-65.7341
18508.91,-65.1521
18524.17,-62.7945
18539.43,-62.4138
18554.69,-68.8605
18569.95,-69.9656
18585.21,-56.3281
18600.46,-61.37
18615.72,-67.3845
18630.98,-61.6525
18646.24,-55.1788
18661.5,-57.5413
18676.76,-66.4979
18692.02,-56.9224
18707.28,-62.9934
18722.53,-60.5277
18737.79,-62.1657
18753.05,-60.7119
18768.31,-60.5498
18783.57,-56.5614
18798.83,-64.0175
18814.09,-58.2634
18829.35,-60.7438
18844.6,-62.0503
18859.86,-64.2975
18875.12,-63.7105
18890.38,-59.5453
18905.64,-56.834
18920.9,-60.8936
18936.16,-55.1886
18951.42,-58.1332
18966.67,-59.5159
18981.93,-61.5272
18997.19,-63.6933
19012.45,-71.0855
19027.71,-58.9412
19042.97,-71.196
19058.23,-60.702
19073.49,-66.7214
19088.75,-60.761
19104,-71.6847
19119.26,-69.9755
19134.52,-59.9162
19149.78,-69.892
19165.04,-59.4422
19180.3,-63.2512
19195.56,-62.2149
19210.82,-65.6973
19226.07,-60.7536
19241.33,-71.1911
19256.59,-66.2106
19271.85,-60.8961
19287.11,-67.6375
19302.37,-59.2604
19317.63,-78.824
19332.89,-63.5214
19348.14,-59.8204
19363.4,-64.6585
19378.66,-66.0215
19393.92,-61.2792
19409.18,-56.6302
19424.44,-63.153
19439.7,-67.8978
19454.96,-55.8296
19470.21,-69.3271
19485.47,-57.1852
19500.73,-60.9182
19515.99,-62.8337
19531.25,-63.4379
19546.51,-56.8979
19561.77,-65.0882
19577.03,-62.3377
19592.29,-58.7742
19607.54,-58.7717
19622.8,-64.0838
19638.06,-69.9705
19653.32,-53.1502
19668.58,-61.2669
19683.84,-52.2636
19699.1,-62.4752
19714.36,-76.4958
19729.61,-59.6411
19744.87,-53.4842
19760.13,-78.3402
19775.39,-60.8445
19790.65,-60.6701
19805.91,-67.7848
19821.17,-60.6087
19836.43,-60.4172
19851.68,-72.7948
19866.94,-58.5949
19882.2,-56.6498
19897.46,-67.888
19912.72,-61.2792
19927.98,-68.7942
19943.24,-68.1507
19958.5,-70.3635
19973.75,-58.536
19989.01,-55.557
20004.27,-61.3602
20019.53,-71.6086
20034.79,-64.3834
20050.05,-62.07
20065.31,-65.1988
20080.57,-57.1312
20095.83,-67.2568
20111.08,-60.7733
20126.34,-55.223
20141.6,-69.833
20156.86,-66.8491
20172.12,-74.2241
20187.38,-58.8479
20202.64,-62.4826
20217.9,-81.2087
20233.15,-58.1013
20248.41,-68.3128
20263.67,-57.2835
20278.93,-60.3459
20294.19,-58.0448
20309.45,-60.0635
20324.71,-63.4723
20339.97,-66.4292
20355.22,-71.169
20370.48,-67.4729
20385.74,-60.928
20401,-68.1728
20416.26,-72.3405
20431.52,-68.637
20446.78,-60.3189
20462.04,-59.9162
20477.29,-63.7277
20492.55,-74.8062
20507.81,-57.6641
20523.07,-71.5472
20538.33,-60.4147
20553.59,-59.4495
20568.85,-59.0443
20584.11,-59.6239
20599.37,-61.5641
20614.62,-62.1387
20629.88,-55.8664
20645.14,-55.9892
20660.4,-68.0992
20675.66,-60.4147
20690.92,-58.0374
20706.18,-64.0592
20721.44,-57.4357
20736.69,-58.1258
20751.95,-61.0066
20767.21,-72.5148
20782.47,-54.8546
20797.73,-61.1957
20812.99,-66.6232
20828.25,-64.4669
20843.51,-55.5349
20858.76,-69.0398
20874.02,-69.3517
20889.28,-60.7905
20904.54,-59.1647
20919.8,-66.5225
20935.06,-64.742
20950.32,-60.6898
20965.58,-63.0179
20980.83,-60.4221
20996.09,-60.2182
21011.35,-66.0706
21026.61,-58.4304
21041.87,-55.1616
21057.13,-66.7804
21072.39,-57.5757
21087.65,-63.8628
21102.91,-68.6075
21118.16,-60.5694
21133.42,-62.3475
21148.68,-58.3739
21163.94,-54.3045
21179.2,-72.785
21194.46,-60.8494
21209.72,-64.6585
21224.98,-64.85
21240.23,-58.9633
21255.49,-56.8365
21270.75,-58.8208
21286.01,-66.4144
21301.27,-60.7168
21316.53,-61.8588
21331.79,-66.9007
21347.05,-61.623
21362.3,-61.1097
21377.56,-64.4841
21392.82,-54.2038
21408.08,-53.5481
21423.34,-56.2765
21438.6,-62.1093
21453.86,-72.8832
21469.12,-62.0258
21484.38,-59.4373
21499.63,-62.1191
21514.89,-65.0244
21530.15,-64.074
21545.41,-75.8033
21560.67,-59.533
21575.93,-70.2358
21591.19,-56.085
21606.45,-59.0689
21621.7,-76.5818
21636.96,-58.8429
21652.22,-72.9471
21667.48,-60.9329
21682.74,-62.9958
21698,-60.8961
21713.26,-70.9652
21728.52,-69.219
21743.77,-57.0207
21759.03,-64.5651
21774.29,-57.588
21789.55,-61.8096
21804.81,-64.1575
21820.07,-62.4236
21835.33,-60.8297
21850.59,-65.9871
21865.84,-65.4812
21881.1,-59.1229
21896.36,-65.3731
21911.62,-58.3591
21926.88,-57.1828
21942.14,-62.8436
21957.4,-62.1363
21972.66,-67.495
21987.92,-71.9672
22003.17,-57.6076
22018.43,-76.1422
22033.69,-63.1702
22048.95,-66.719
22064.21,-58.8577
22079.47,-62.9271
22094.73,-56.9642
22109.99,-60.5105
22125.24,-67.1463
22140.5,-55.7976
22155.76,-60.6087
22171.02,-64.2262
22186.28,-61.6819
22201.54,-66.5421
22216.8,-63.2046
22232.06,-56.8488
22247.31,-58.1234
22262.57,-54.2627
22277.83,-58.9363
22293.09,-65.7464
22308.35,-57.534
22323.61,-63.821
22338.87,-58.5949
22354.13,-71.3655
22369.38,-65.1816
22384.64,-60.147
22399.9,-57.5094
22415.16,-58.6391
22430.42,-56.4411
22445.68,-71.2771
22460.94,-59.204
22476.2,-56.0138
22491.46,-61.8219
22506.71,-66.7632
22521.97,-59.7639
22537.23,-58.6195
22552.49,-69.4401
