LECROYWR44Xi,13218,Waveform
Segments,1,SegmentSize,637
Segment,TrigTime,TimeSinceSegment1
#1,15-Jul-2010 15:41:38,0                 
Time,Ampl
0,-117.958
1.52588,-48.8254
3.05176,-49.6407
4.57764,-59.371
6.10352,-55.5938
7.62939,-59.4618
9.15527,-69.5039
10.6812,-69.0962
12.207,-59.204
13.7329,-56.7874
15.2588,-56.3772
16.7847,-56.1046
18.3105,-68.6247
19.8364,-63.6516
21.3623,-61.0827
22.8882,-58.0939
24.4141,-60.6578
25.9399,-82.5176
27.4658,-63.7572
28.9917,-58.2756
30.5176,-61.1539
32.0435,-55.3163
33.5693,-57.782
35.0952,-61.1466
36.6211,-60.2575
38.147,-54.248
39.6729,-57.836
41.1987,-59.3931
42.7246,-59.3538
44.2505,-70.474
45.7764,-70.6459
47.3022,-77.0484
48.8281,-68.6984
50.354,-62.3401
51.8799,-74.7276
53.4058,-66.886
54.9316,-63.4281
56.4575,-60.7143
57.9834,-56.6916
59.5093,-56.139
61.0352,-66.1467
62.561,-61.2669
64.0869,-65.464
65.6128,-64.2189
67.1387,-74.3641
68.6646,-66.3751
70.1904,-57.8385
71.7163,-68.6665
73.2422,-59.9555
74.7681,-58.0055
76.2939,-57.7181
77.8198,-53.5775
79.3457,-62.6373
80.8716,-63.8898
82.3975,-56.4779
83.9233,-60.7782
85.4492,-63.0523
86.9751,-60.1814
88.501,-59.5257
90.0269,-61.0753
91.5527,-60.2575
93.0786,-57.3817
94.6045,-78.937
96.1304,-55.2131
97.6562,-54.6262
99.1821,-62.6373
100.708,-75.7738
102.234,-80.7298
103.76,-62.7674
105.286,-61.3209
106.812,-55.2402
108.337,-66.2229
109.863,-60.8469
111.389,-56.92
112.915,-63.4575
114.441,-62.0037
115.967,-57.028
117.493,-62.1486
119.019,-67.8143
120.544,-60.2993
122.07,-58.6833
123.596,-58.3223
125.122,-59.7344
126.648,-61.3234
128.174,-57.868
129.7,-59.4864
131.226,-76.6947
132.751,-58.3346
134.277,-59.2211
135.803,-55.8075
137.329,-57.2835
138.855,-54.496
140.381,-64.0641
141.907,-59.398
143.433,-62.7552
144.958,-71.8125
146.484,-63.0327
148.01,-59.0615
149.536,-59.5576
151.062,-63.7793
152.588,-68.7377
154.114,-66.4856
155.64,-60.5375
157.166,-53.0864
158.691,-64.4473
160.217,-58.5679
161.743,-58.3861
163.269,-61.1588
164.795,-64.3048
166.321,-63.7891
167.847,-63.7105
169.373,-57.6666
170.898,-59.0812
172.424,-59.3341
173.95,-56.3821
175.476,-56.7604
177.002,-56.2348
178.528,-58.9264
180.054,-62.1633
181.58,-60.2231
183.105,-59.9407
184.631,-56.9814
186.157,-69.4057
187.683,-56.527
189.209,-56.4583
190.735,-62.151
192.261,-59.3489
193.787,-57.2245
195.312,-58.6391
196.838,-55.0609
198.364,-61.6451
199.89,-59.7811
201.416,-63.4944
202.942,-64.5111
204.468,-64.2164
205.994,-76.2846
207.52,-57.6911
209.045,-61.5567
210.571,-59.6092
212.097,-56.9421
213.623,-64.1452
215.149,-61.8367
216.675,-62.3082
218.201,-58.1062
219.727,-55.3801
221.252,-59.3366
222.778,-58.6907
224.304,-68.583
225.83,-67.048
227.356,-65.049
228.882,-58.4181
230.408,-68.2784
231.934,-59.2801
233.459,-55.778
234.985,-56.7235
236.511,-54.0859
238.037,-59.5723
239.563,-61.1883
241.089,-75.2679
242.615,-63.4674
244.141,-66.7288
245.667,-55.2696
247.192,-64.1084
248.718,-65.7538
250.244,-57.5094
251.77,-60.1863
253.296,-59.8769
254.822,-57.8974
256.348,-64.5381
257.874,-58.4746
259.399,-55.3801
260.925,-60.5842
262.451,-62.0356
263.977,-61.1318
265.503,-51.6742
267.029,-52.8604
268.555,-57.1066
270.081,-58.1577
271.606,-68.691
273.132,-55.2991
274.658,-61.0753
276.184,-65.9527
277.71,-60.8715
279.236,-59.2531
280.762,-56.0039
282.288,-58.4868
283.813,-58.1872
285.339,-64.4964
286.865,-57.755
288.391,-57.0207
289.917,-61.9791
291.443,-70.1817
292.969,-56.7432
294.495,-56.9716
296.021,-61.2816
297.546,-76.5425
299.072,-64.8599
300.598,-69.5751
302.124,-55.0928
303.65,-61.8539
305.176,-57.8827
306.702,-55.7215
308.228,-55.8615
309.753,-59.7074
311.279,-55.5619
312.805,-61.8637
314.331,-62.5734
315.857,-60.8617
317.383,-57.8188
318.909,-55.024
320.435,-57.5536
321.96,-65.6064
323.486,-63.9414
325.012,-56.6891
326.538,-63.3495
328.064,-56.1709
329.59,-65.7464
331.116,-55.7976
332.642,-57.2171
334.167,-61.5837
335.693,-58.2437
337.219,-59.5232
338.745,-56.3404
340.271,-60.7733
341.797,-61.2153
343.323,-63.8849
344.849,-60.648
346.375,-59.2703
347.9,-60.0856
349.426,-65.6457
350.952,-63.4207
352.478,-56.7849
354.004,-57.9686
355.53,-57.3547
357.056,-58.9584
358.582,-55.7903
360.107,-54.356
361.633,-66.0092
363.159,-71.6209
364.685,-69.9926
366.211,-53.7691
367.737,-57.6985
369.263,-59.2776
370.789,-59.4618
372.314,-57.8385
373.84,-62.8583
375.366,-54.8325
376.892,-70.4568
378.418,-59.7025
379.944,-54.862
381.47,-53.3442
382.996,-64.8599
384.521,-60.6603
386.047,-59.2482
387.573,-57.2835
389.099,-64.0592
390.625,-60.2624
392.151,-55.5643
393.677,-59.953
395.203,-70.3659
396.729,-63.1014
398.254,-61.8121
399.78,-56.0801
401.306,-55.9818
402.832,-58.0129
404.358,-58.7422
405.884,-55.1935
407.41,-69.2092
408.936,-63.8505
410.461,-61.3111
411.987,-68.0009
413.513,-60.8297
415.039,-67.4655
416.565,-61.8096
418.091,-76.5327
419.617,-60.6529
421.143,-63.5189
422.668,-66.6109
424.194,-57.448
425.72,-54.582
427.246,-68.222
428.772,-63.3421
430.298,-61.2644
431.824,-61.1195
433.35,-66.412
434.875,-58.8577
436.401,-61.0017
437.927,-57.7673
439.453,-58.3198
440.979,-73.6593
442.505,-59.3685
444.031,-65.0588
445.557,-59.6853
447.083,-64.5529
448.608,-62.4433
450.134,-59.4274
451.66,-56.1832
453.186,-66.3825
454.712,-58.2363
456.238,-57.5929
457.764,-68.4307
459.29,-69.445
460.815,-60.3533
462.341,-63.0278
463.867,-60.5498
465.393,-55.2524
466.919,-54.5329
468.445,-60.9132
469.971,-61.9914
471.497,-58.924
473.022,-59.7393
474.548,-58.0644
476.074,-62.6569
477.6,-58.143
479.126,-58.116
480.652,-61.1294
482.178,-64.7985
483.704,-53.4326
485.229,-54.5108
486.755,-62.5219
488.281,-51.0553
489.807,-59.9284
491.333,-67.9543
492.859,-59.2261
494.385,-60.8519
495.911,-77.8515
497.437,-57.7845
498.962,-67.9444
500.488,-57.1877
502.014,-61.4634
503.54,-55.8738
505.066,-60.3484
506.592,-65.1079
508.118,-60.2256
509.644,-59.4225
511.169,-68.4135
512.695,-55.4735
514.221,-64.877
515.747,-72.8439
517.273,-57.0821
518.799,-65.2479
520.325,-82.9081
521.851,-61.5027
523.376,-62.4285
524.902,-55.9892
526.428,-59.7467
527.954,-59.3415
529.48,-62.6299
531.006,-59.4618
532.532,-54.1178
534.058,-60.1077
535.583,-61.2178
537.109,-76.5228
538.635,-64.4522
540.161,-57.0354
541.687,-61.1122
543.213,-67.0873
544.739,-58.3076
546.265,-72.0359
547.791,-78.6152
549.316,-53.9435
550.842,-65.0932
552.368,-53.688
553.894,-65.0244
555.42,-62.5022
556.946,-61.7163
558.472,-59.6951
559.998,-58.4279
561.523,-54.6016
563.049,-71.7412
564.575,-60.4835
566.101,-60.508
567.627,-64.0568
569.153,-62.4801
570.679,-63.3347
572.205,-61.7065
573.73,-71.029
575.256,-63.6589
576.782,-60.7462
578.308,-58.5605
579.834,-56.7604
581.36,-56.9102
582.886,-84.2932
584.412,-58.757
585.937,-58.2437
587.463,-71.5251
588.989,-58.0178
590.515,-56.4927
592.041,-58.644
593.567,-56.1218
595.093,-68.858
596.619,-60.6235
598.145,-61.0778
599.67,-58.1135
601.196,-63.7793
602.722,-56.2888
604.248,-58.7644
605.774,-60.7585
607.3,-63.7179
608.826,-53.7151
610.352,-76.5916
611.877,-66.1811
613.403,-63.1358
614.929,-56.6695
616.455,-78.0086
617.981,-59.0026
619.507,-59.2138
621.033,-66.5888
622.559,-56.4779
624.084,-68.9121
625.61,-54.8177
627.136,-69.4474
628.662,-59.7934
630.188,-64.3662
631.714,-55.6749
633.24,-61.1883
634.766,-63.3888
636.292,-60.4393
637.817,-69.6365
639.343,-53.6119
640.869,-60.4614
642.395,-57.5389
643.921,-61.7311
645.447,-63.8431
646.973,-53.774
648.499,-59.2825
650.024,-67.1193
651.55,-54.2529
653.076,-58.0914
654.602,-56.4288
656.128,-61.3823
657.654,-62.0086
659.18,-54.7293
660.706,-58.6637
662.231,-54.0343
663.757,-59.5797
665.283,-66.552
666.809,-58.4451
668.335,-61.2325
669.861,-53.9066
671.387,-56.5786
672.913,-60.0119
674.438,-72.3896
675.964,-58.4082
677.49,-64.6339
679.016,-57.2122
680.542,-60.5375
682.068,-69.391
683.594,-62.1314
685.12,-55.5422
686.646,-58.7005
688.171,-57.669
689.697,-66.38
691.223,-58.757
692.749,-58.8626
694.275,-56.5516
695.801,-64.8525
697.327,-60.4196
698.853,-63.1825
700.378,-55.4563
701.904,-58.4181
703.43,-57.4652
704.956,-55.5864
706.482,-62.0356
708.008,-71.756
709.534,-61.704
711.06,-57.4357
712.585,-54.9946
714.111,-53.6586
715.637,-58.0006
717.163,-66.078
718.689,-54.9479
720.215,-55.9229
721.741,-59.1008
723.267,-70.3979
724.792,-59.3685
726.318,-55.3752
727.844,-56.7726
729.37,-65.7391
730.896,-61.8023
732.422,-61.4118
733.948,-59.7197
735.474,-62.377
737,-58.1921
738.525,-63.4502
740.051,-63.2193
741.577,-69.4892
743.103,-64.0027
744.629,-58.0742
746.155,-63.2734
747.681,-54.3462
749.207,-63.9806
750.732,-73.0699
752.258,-60.1077
753.784,-62.5317
755.31,-60.2428
756.836,-52.2489
758.362,-66.7337
759.888,-63.2193
761.414,-63.7449
762.939,-62.4457
764.465,-69.5457
765.991,-58.0399
767.517,-61.8833
769.043,-59.7713
770.569,-67.4852
772.095,-77.375
773.621,-69.7716
775.146,-58.5384
776.672,-63.4895
778.198,-57.5217
779.724,-58.5605
781.25,-63.2365
782.776,-55.3458
784.302,-57.6052
785.828,-60.1151
787.354,-64.7837
788.879,-53.3418
790.405,-55.9843
791.931,-66.1345
793.457,-67.053
794.983,-58.7226
796.509,-58.0792
798.035,-57.9122
799.561,-62.038
801.086,-54.1547
802.612,-62.2836
804.138,-65.2872
805.664,-60.4147
807.19,-66.4316
808.716,-60.8911
810.242,-57.0796
811.768,-80.2214
813.293,-60.6112
814.819,-55.4514
816.345,-62.6741
817.871,-57.7108
819.397,-53.9263
820.923,-56.4067
822.449,-69.5408
823.975,-61.7261
825.5,-58.3223
827.026,-57.728
828.552,-60.7954
830.078,-58.5974
831.604,-55.6159
833.13,-58.9633
834.656,-61.8244
836.182,-60.314
837.708,-67.7259
839.233,-58.6931
840.759,-55.7436
842.285,-56.3453
843.811,-67.7553
845.337,-68.1065
846.863,-64.2606
848.389,-56.3871
849.915,-53.5898
851.44,-60.1888
852.966,-64.381
854.492,-55.6208
856.018,-59.0492
857.544,-53.7666
859.07,-55.9499
860.596,-53.7691
862.122,-61.0017
863.647,-67.8167
865.173,-61.7802
866.699,-59.6976
868.225,-60.1863
869.751,-68.1311
871.277,-64.6364
872.803,-60.1249
874.329,-76.3779
875.854,-70
877.38,-65.6531
878.906,-61.704
880.432,-55.9548
881.958,-65.1128
883.484,-67.7504
885.01,-65.5131
886.536,-57.3571
888.062,-63.7179
889.587,-61.0139
891.113,-78.5514
892.639,-67.5908
894.165,-61.6967
895.691,-57.9662
897.217,-63.7007
898.743,-58.865
900.269,-56.7382
901.794,-62.6717
903.32,-57.114
904.846,-61.1539
906.372,-52.217
907.898,-59.8793
909.424,-57.6862
910.95,-57.335
912.476,-62.625
914.001,-59.6804
915.527,-64.1845
917.053,-73.0306
918.579,-63.3618
920.105,-56.4656
921.631,-76.3804
923.157,-56.9716
924.683,-59.2015
926.208,-58.9166
927.734,-55.1665
929.26,-56.1881
930.786,-66.0559
932.312,-61.3185
933.838,-72.8366
935.364,-64.9409
936.89,-60.5105
938.416,-64.3834
939.941,-66.8074
941.467,-56.9102
942.993,-58.6587
944.519,-55.304
946.045,-60.54
947.571,-57.4775
949.097,-56.3871
950.623,-55.7976
952.148,-68.6026
953.674,-62.3106
955.2,-63.7793
956.726,-65.3461
958.252,-63.5361
959.778,-63.8824
961.304,-59.0713
962.83,-65.3093
964.355,-62.9934
965.881,-61.8342
967.407,-57.9441
968.933,-56.5221
970.459,-56.9224
