LECROYWR44Xi,13218,Waveform
Segments,1,SegmentSize,1477
Segment,TrigTime,TimeSinceSegment1
#1,15-Jul-2010 18:50:44,0                 
Time,Ampl
0,-117.958
15.25879,-53.9557
30.51758,-55.1984
45.77637,-59.4397
61.03516,-61.677
76.29395,-59.4815
91.55273,-62.5145
106.8115,-56.333
122.0703,-59.6755
137.3291,-47.6589
152.5879,-55.5226
167.8467,-54.4002
183.1055,-68.4847
198.3643,-60.039
213.623,-61.6205
228.8818,-55.0118
244.1406,-73.4996
259.3994,-61.8219
274.6582,-60.4982
289.917,-59.1106
305.1758,-53.6438
320.4346,-61.8244
335.6934,-59.339
350.9521,-68.8335
366.2109,-68.19
381.4697,-66.3727
396.7285,-64.2287
411.9873,-58.0571
427.2461,-64.3343
442.5049,-69.4008
457.7637,-66.6698
473.0225,-65.8176
488.2813,-69.3713
503.54,-59.2776
518.7988,-62.8559
534.0576,-57.06
549.3164,-56.1636
564.5752,-80.7224
579.834,-59.5576
595.0928,-59.0149
610.3516,-53.9214
625.6104,-62.0012
640.8691,-58.2241
656.1279,-62.318
671.3867,-65.8594
686.6455,-57.0845
701.9043,-56.4362
717.1631,-59.4839
732.4219,-67.3649
747.6807,-57.254
762.9395,-60.955
778.1982,-66.019
793.457,-60.5842
808.7158,-62.0945
823.9746,-67.969
839.2334,-65.6678
854.4922,-52.9611
869.751,-72.5861
885.0098,-60.2674
900.2686,-59.8793
915.5273,-60.7143
930.7861,-58.5384
946.0449,-61.8489
961.3037,-68.9145
976.5625,-56.5221
991.8213,-56.613
1007.08,-64.543
1022.339,-54.4616
1037.598,-63.9954
1052.856,-57.448
1068.115,-70.2775
1083.374,-68.1164
1098.633,-71.7904
1113.892,-70.5403
1129.15,-76.6702
1144.409,-59.98
1159.668,-62.0159
1174.927,-82.1149
1190.186,-62.2419
1205.444,-63.1014
1220.703,-65.7145
1235.962,-60.6677
1251.221,-60.7634
1266.479,-55.4612
1281.738,-54.4027
1296.997,-79.7965
1312.256,-61.4486
1327.515,-59.231
1342.773,-61.0704
1358.032,-58.7373
1373.291,-61.1932
1388.55,-53.5947
1403.809,-64.516
1419.067,-69.9042
1434.326,-72.979
1449.585,-72.004
1464.844,-55.9303
1480.103,-60.7561
1495.361,-61.9226
1510.62,-69.8551
1525.879,-71.9107
1541.138,-59.5576
1556.396,-70.2972
1571.655,-66.2499
1586.914,-58.5261
1602.173,-62.6913
1617.432,-62.8485
1632.69,-58.5409
1647.949,-53.8035
1663.208,-59.4078
1678.467,-65.6875
1693.726,-58.0472
1708.984,-63.7179
1724.243,-58.1258
1739.502,-57.976
1754.761,-71.061
1770.02,-55.5447
1785.278,-59.6509
1800.537,-58.9363
1815.796,-67.134
1831.055,-63.961
1846.313,-64.0862
1861.572,-52.6001
1876.831,-70.3979
1892.09,-55.6749
1907.349,-57.9539
1922.607,-81.189
1937.866,-61.4511
1953.125,-62.0012
1968.384,-64.3048
1983.643,-61.1809
1998.901,-69.72
2014.16,-60.2674
2029.419,-59.9162
2044.678,-56.9224
2059.937,-61.4044
2075.195,-58.8994
2090.454,-62.1215
2105.713,-61.704
2120.972,-65.9232
2136.23,-60.9575
2151.489,-58.2707
2166.748,-59.4004
2182.007,-64.3171
2197.266,-72.4584
2212.524,-55.9646
2227.783,-59.3243
2243.042,-58.0448
2258.301,-56.3158
2273.56,-62.178
2288.818,-65.2086
2304.077,-63.7105
2319.336,-57.8901
2334.595,-57.8851
2349.854,-60.7143
2365.112,-62.5341
2380.371,-67.1094
2395.63,-62.3131
2410.889,-57.2663
2426.147,-57.9662
2441.406,-64.4645
2456.665,-64.0298
2471.924,-53.5382
2487.183,-58.5654
2502.441,-68.3177
2517.7,-62.512
2532.959,-61.7507
2548.218,-65.9355
2563.477,-66.714
2578.735,-72.4731
2593.994,-66.0092
2609.253,-66.606
2624.512,-59.5772
2639.771,-64.047
2655.029,-66.9277
2670.288,-52.2514
2685.547,-61.1269
2700.806,-64.7223
2716.064,-64.3245
2731.323,-56.5442
2746.582,-62.873
2761.841,-65.1546
2777.1,-59.5257
2792.358,-62.1977
2807.617,-70.1867
2822.876,-60.9599
2838.135,-60.7241
2853.394,-56.9937
2868.652,-81.2725
2883.911,-60.5694
2899.17,-56.3109
2914.429,-61.6353
2929.688,-63.3839
2944.946,-62.3278
2960.205,-58.1553
2975.464,-59.0296
2990.723,-61.0189
3005.981,-59.3611
3021.24,-58.7177
3036.499,-54.6336
3051.758,-60.8666
3067.017,-66.9572
3082.275,-62.1559
3097.534,-56.3011
3112.793,-56.2594
3128.052,-61.1294
3143.311,-59.9923
3158.569,-56.2692
3173.828,-68.4356
3189.087,-56.193
3204.346,-62.1731
3219.604,-58.0718
3234.863,-58.0178
3250.122,-60.2575
3265.381,-56.6523
3280.64,-57.3424
3295.898,-65.4222
3311.157,-63.7473
3326.416,-64.4424
3341.675,-59.0861
3356.934,-58.0964
3372.192,-59.5306
3387.451,-56.2151
3402.71,-61.375
3417.969,-71.8739
3433.228,-60.0144
3448.486,-57.2368
3463.745,-75.4275
3479.004,-72.9029
3494.263,-66.9081
3509.521,-64.8893
3524.78,-56.9912
3540.039,-64.9507
3555.298,-78.7184
3570.557,-58.9535
3585.815,-66.5495
3601.074,-56.2864
3616.333,-53.4498
3631.592,-58.1283
3646.851,-56.4288
3662.109,-55.1665
3677.368,-59.4766
3692.627,-61.1957
3707.886,-56.4558
3723.145,-61.0778
3738.403,-64.3834
3753.662,-55.5398
3768.921,-62.4924
3784.18,-61.37
3799.438,-61.5444
3814.697,-64.4301
3829.956,-63.907
3845.215,-59.8548
3860.474,-59.7
3875.732,-60.7462
3890.991,-57.696
3906.25,-58.5261
3921.509,-68.2318
3936.768,-60.6554
3952.026,-63.7621
3967.285,-55.4047
3982.544,-57.4357
3997.803,-59.6706
4013.062,-59.4741
4028.32,-59.1819
4043.579,-54.5157
4058.838,-61.6721
4074.097,-60.2158
4089.355,-60.1298
4104.614,-56.0211
4119.873,-61.7875
4135.132,-58.1455
4150.391,-63.4133
4165.649,-54.4322
4180.908,-58.7177
4196.167,-67.5392
4211.426,-60.2379
4226.685,-59.0492
4241.943,-69.0987
4257.202,-60.2182
4272.461,-57.1557
4287.72,-59.8769
4302.979,-57.3645
4318.237,-75.4005
4333.496,-61.6476
4348.755,-56.9445
4364.014,-59.2113
4379.272,-61.3381
4394.531,-76.5449
4409.79,-60.982
4425.049,-62.5857
4440.308,-69.7986
4455.566,-63.4625
4470.825,-75.9089
4486.084,-59.9604
4501.343,-60.3263
4516.602,-64.3318
4531.86,-55.6798
4547.119,-58.5065
4562.378,-58.1283
4577.637,-67.2371
4592.896,-63.2218
4608.154,-70.5968
4623.413,-64.7297
4638.672,-61.0311
4653.931,-61.9324
4669.189,-55.778
4684.448,-64.6241
4699.707,-57.9318
4714.966,-56.8389
4730.225,-64.683
4745.483,-61.7212
4760.742,-61.6672
4776.001,-70.9554
4791.26,-62.4138
4806.519,-65.9846
4821.777,-61.0581
4837.036,-60.7512
4852.295,-61.5763
4867.554,-56.6277
4882.813,-61.8367
4898.071,-67.7062
4913.33,-58.5752
4928.589,-58.0865
4943.848,-59.6681
4959.106,-63.8873
4974.365,-66.1959
4989.624,-70.8424
5004.883,-59.3366
5020.142,-65.5598
5035.4,-59.3096
5050.659,-64.6929
5065.918,-57.3301
5081.177,-64.1501
5096.436,-59.4078
5111.694,-61.817
5126.953,-56.0432
5142.212,-60.2993
5157.471,-59.6141
5172.729,-61.4216
5187.988,-55.6061
5203.247,-69.2878
5218.506,-61.3897
5233.765,-65.3289
5249.023,-59.4815
5264.282,-61.8833
5279.541,-52.718
5294.8,-67.1635
5310.059,-59.5994
5325.317,-58.811
5340.576,-62.0552
5355.835,-83.4558
5371.094,-65.1546
5386.353,-63.7498
5401.611,-55.9131
5416.87,-56.8168
5432.129,-57.701
5447.388,-55.8983
5462.646,-58.7422
5477.905,-70.3045
5493.164,-65.8938
5508.423,-62.4801
5523.682,-55.2205
5538.94,-66.5249
5554.199,-62.0479
5569.458,-64.9532
5584.717,-50.6894
5599.976,-68.7033
5615.234,-60.9992
5630.493,-62.011
5645.752,-59.0861
5661.011,-60.0095
5676.27,-89.5071
5691.528,-64.381
5706.787,-63.9659
5722.046,-62.4678
5737.305,-73.0257
5752.563,-69.8944
5767.822,-65.8348
5783.081,-69.9877
5798.34,-70.8571
5813.599,-54.8153
5828.857,-62.0282
5844.116,-58.9142
5859.375,-66.1271
5874.634,-59.1057
5889.893,-60.1077
5905.151,-64.4006
5920.41,-64.9335
5935.669,-78.1953
5950.928,-61.1318
5966.187,-68.6223
5981.445,-68.2514
5996.704,-62.8951
6011.963,-57.4947
6027.222,-68.2023
6042.48,-80.7175
6057.739,-59.2261
6072.998,-54.6925
6088.257,-57.5708
6103.516,-61.208
6118.774,-62.9639
6134.033,-63.2095
6149.292,-56.8389
6164.551,-62.8387
6179.81,-64.5136
6195.068,-66.8491
6210.327,-63.6687
6225.586,-64.7223
6240.845,-67.0235
6256.104,-65.0465
6271.362,-59.592
6286.621,-60.6505
6301.88,-57.2638
6317.139,-72.1121
6332.397,-59.371
6347.656,-63.2979
6362.915,-59.0173
6378.174,-67.1586
6393.433,-64.3539
6408.691,-57.7918
6423.95,-72.5738
6439.209,-59.0198
6454.468,-64.5602
6469.727,-62.8829
6484.985,-66.913
6500.244,-74.1726
6515.503,-65.6801
6530.762,-67.0505
6546.021,-62.7478
6561.279,-58.2707
6576.538,-51.6742
6591.797,-86.6607
6607.056,-68.4651
6622.314,-63.5631
6637.573,-61.9816
6652.832,-65.1619
6668.091,-66.0534
6683.35,-57.5364
6698.608,-53.7347
6713.867,-58.3223
6729.126,-61.9275
6744.385,-62.5145
6759.644,-56.8733
6774.902,-53.0446
6790.161,-59.9726
6805.42,-65.0072
6820.679,-56.6277
6835.938,-57.9907
6851.196,-55.5471
6866.455,-59.3464
6881.714,-72.1219
6896.973,-61.1024
6912.231,-64.8353
6927.49,-56.6793
6942.749,-57.1091
6958.008,-60.4024
6973.267,-57.5241
6988.525,-58.1872
7003.784,-63.3814
7019.043,-62.3229
7034.302,-60.0463
7049.561,-63.0278
7064.819,-67.0505
7080.078,-57.8164
7095.337,-61.7826
7110.596,-59.6386
7125.854,-65.5352
7141.113,-61.542
7156.372,-72.1096
7171.631,-61.8293
7186.89,-68.8556
7202.148,-60.1568
7217.407,-57.421
7232.666,-77.8834
7247.925,-53.0299
7263.184,-55.8124
7278.442,-67.5982
7293.701,-64.6216
7308.96,-63.907
7324.219,-59.6927
7339.478,-57.3498
7354.736,-56.3871
7369.995,-66.2081
7385.254,-66.9793
7400.513,-61.6672
7415.771,-56.9003
7431.03,-57.976
7446.289,-60.7364
7461.548,-57.9515
7476.807,-58.4181
7492.065,-56.2397
7507.324,-61.2669
7522.583,-64.9826
7537.842,-68.718
7553.101,-60.0979
7568.359,-54.1424
7583.618,-58.5777
7598.877,-59.813
7614.136,-62.7871
7629.395,-62.9639
7644.653,-68.5314
7659.912,-62.0405
7675.171,-63.4109
7690.43,-60.0979
7705.688,-55.4612
7720.947,-64.6732
7736.206,-65.0637
7751.465,-81.2529
7766.724,-58.6759
7781.982,-76.7144
7797.241,-66.2106
7812.5,-59.2948
7827.759,-54.7834
7843.018,-65.2823
7858.276,-62.8534
7873.535,-60.1004
7888.794,-58.1086
7904.053,-57.6052
7919.312,-65.8103
7934.57,-61.9889
7949.829,-59.592
7965.088,-57.9465
7980.347,-60.2723
7995.605,-65.4444
8010.864,-74.3567
8026.123,-60.2698
8041.382,-64.074
8056.641,-59.2654
8071.899,-61.1097
8087.158,-56.5614
8102.417,-63.7351
8117.676,-55.805
8132.935,-56.4681
8148.193,-64.8132
8163.452,-57.141
8178.711,-71.2943
8193.97,-58.7865
8209.229,-58.3419
8224.487,-55.5914
8239.746,-61.203
8255.005,-64.7935
8270.264,-58.2535
8285.522,-57.2712
8300.781,-61.9545
8316.04,-68.664
8331.299,-64.5676
8346.558,-57.8851
8361.816,-63.8628
8377.075,-57.2196
8392.334,-59.9432
8407.593,-60.4663
8422.852,-62.7601
8438.11,-69.3099
8453.369,-54.6974
8468.628,-56.8046
8483.887,-55.8271
8499.146,-61.1466
8514.404,-66.0559
8529.663,-74.1799
8544.922,-60.2035
8560.181,-58.9436
8575.439,-58.7251
8590.698,-64.8672
8605.957,-59.5085
8621.216,-59.7099
8636.475,-65.9699
8651.733,-75.4128
8666.992,-63.5951
8682.251,-56.8439
8697.51,-58.1897
8712.769,-55.5963
8728.027,-58.6317
8743.286,-62.5243
8758.545,-61.3651
8773.804,-53.6831
8789.063,-58.5458
8804.321,-58.6391
8819.58,-55.3924
8834.839,-60.9132
8850.098,-59.2654
8865.356,-55.6257
8880.615,-57.5217
8895.874,-62.5661
8911.133,-61.4413
8926.392,-56.6597
8941.65,-62.0307
8956.909,-65.9945
8972.168,-65.9945
8987.427,-59.0812
9002.686,-74.0227
9017.944,-63.4649
9033.203,-63.3053
9048.462,-57.4701
9063.721,-58.563
9078.979,-65.6506
9094.238,-63.1604
9109.497,-60.007
9124.756,-62.5096
9140.015,-58.9706
9155.273,-65.1546
9170.532,-59.1868
9185.791,-69.8306
9201.05,-58.2928
9216.309,-62.5219
9231.567,-62.6176
9246.826,-64.3196
9262.085,-63.6393
9277.344,-75.0984
9292.603,-68.0869
9307.861,-62.7281
9323.12,-65.6924
9338.379,-62.0798
9353.638,-59.7885
9368.896,-68.9538
9384.155,-61.1662
9399.414,-66.0338
9414.673,-61.8907
9429.932,-66.2867
9445.19,-67.6792
9460.449,-72.0359
9475.708,-64.3613
9490.967,-64.2852
9506.226,-63.6221
9521.484,-64.1084
9536.743,-62.1879
9552.002,-61.8219
9567.261,-70.5943
9582.52,-61.1564
9597.778,-57.8802
9613.037,-59.3513
9628.296,-59.1573
9643.555,-64.0543
9658.813,-60.4884
9674.072,-56.1832
9689.331,-61.5542
9704.59,-65.4714
9719.849,-63.0769
9735.107,-68.2391
9750.366,-60.1961
9765.625,-62.2468
9780.884,-61.1637
9796.143,-58.59
9811.401,-69.2461
9826.66,-62.7232
9841.919,-76.2723
9857.178,-60.3828
9872.437,-57.2049
9887.695,-70.0614
9902.954,-57.2245
9918.213,-62.3524
9933.472,-66.3457
9948.73,-61.7532
9963.989,-69.5874
9979.248,-70.5747
9994.507,-53.192
10009.77,-61.3111
10025.02,-62.738
10040.28,-62.4113
10055.54,-58.6735
10070.8,-64.742
10086.06,-67.1193
10101.32,-61.3455
10116.58,-56.4706
10131.84,-64.1108
10147.09,-62.1387
10162.35,-55.7534
10177.61,-72.4854
10192.87,-65.7219
10208.13,-56.9863
10223.39,-56.1267
10238.65,-55.7878
10253.91,-62.1707
10269.17,-55.751
10284.42,-67.8364
10299.68,-64.295
10314.94,-63.5263
10330.2,-58.5556
10345.46,-74.6785
10360.72,-81.4518
10375.98,-56.2029
10391.24,-62.3475
10406.49,-57.2024
10421.75,-75.4717
10437.01,-65.7906
10452.27,-59.8155
10467.53,-59.5085
10482.79,-55.6405
10498.05,-57.9883
10513.31,-63.6172
10528.56,-54.5648
10543.82,-65.1226
10559.08,-76.1815
10574.34,-57.0428
10589.6,-59.759
10604.86,-56.0285
10620.12,-69.3345
10635.38,-68.3718
10650.63,-61.1637
10665.89,-65.938
10681.15,-69.1773
10696.41,-76.2846
10711.67,-64.7935
10726.93,-62.5587
10742.19,-61.9251
10757.45,-87.6824
10772.71,-59.3046
10787.96,-65.6015
10803.22,-62.5415
10818.48,-57.1312
10833.74,-58.2511
10849,-57.534
10864.26,-60.2305
10879.52,-57.7525
10894.78,-54.857
10910.03,-59.8228
10925.29,-64.8746
10940.55,-55.4244
10955.81,-62.0626
10971.07,-55.331
10986.33,-62.1731
11001.59,-63.5681
11016.85,-60.707
11032.1,-76.1913
11047.36,-57.254
11062.62,-64.7223
11077.88,-65.4321
11093.14,-59.4029
11108.4,-61.6034
11123.66,-62.1928
11138.92,-58.4598
11154.17,-64.2704
11169.43,-64.0789
11184.69,-64.1968
11199.95,-76.4442
11215.21,-63.2267
11230.47,-61.9938
11245.73,-57.5561
11260.99,-65.6335
11276.25,-64.6044
11291.5,-64.3638
11306.76,-76.8372
11322.02,-52.3177
11337.28,-59.3538
11352.54,-64.1427
11367.8,-60.0193
11383.06,-54.6679
11398.32,-65.5868
11413.57,-68.8752
11428.83,-68.0942
11444.09,-65.1767
11459.35,-64.3245
11474.61,-58.4967
11489.87,-60.0488
11505.13,-62.3524
11520.39,-62.9492
11535.64,-61.7409
11550.9,-61.9791
11566.16,-54.9725
11581.42,-64.1796
11596.68,-62.3156
11611.94,-58.87
11627.2,-60.9845
11642.46,-61.0655
11657.71,-59.0959
11672.97,-59.6362
11688.23,-58.8871
11703.49,-61.0336
11718.75,-95.2047
11734.01,-58.4574
11749.27,-58.3911
11764.53,-64.5283
11779.79,-59.8007
11795.04,-59.8867
11810.3,-65.2258
11825.56,-63.153
11840.82,-62.9836
11856.08,-57.2
11871.34,-58.6366
11886.6,-68.1728
11901.86,-63.0572
11917.11,-64.1354
11932.37,-59.6288
11947.63,-52.9857
11962.89,-63.0155
11978.15,-54.5967
11993.41,-70.0958
12008.67,-62.9246
12023.93,-60.4073
12039.18,-64.3097
12054.44,-58.7398
12069.7,-66.3948
12084.96,-62.9958
12100.22,-66.0632
12115.48,-60.0758
12130.74,-66.9203
12146,-63.013
12161.25,-61.6255
12176.51,-62.1633
12191.77,-83.8291
12207.03,-55.3237
12222.29,-55.5619
12237.55,-60.1323
12252.81,-69.9534
12268.07,-58.7201
12283.33,-63.9954
12298.58,-60.0169
12313.84,-77.7753
12329.1,-57.254
12344.36,-58.3444
12359.62,-57.475
12374.88,-56.1095
12390.14,-71.1543
12405.4,-62.3377
12420.65,-62.4457
12435.91,-65.2479
12451.17,-73.0011
12466.43,-67.4631
12481.69,-59.3439
12496.95,-70.6459
12512.21,-66.1566
12527.47,-59.6681
12542.72,-63.045
12557.98,-70.4912
12573.24,-56.4976
12588.5,-67.6203
12603.76,-60.3361
12619.02,-60.4957
12634.28,-61.4879
12649.54,-58.7545
12664.79,-60.1937
12680.05,-61.1515
12695.31,-55.9769
12710.57,-61.0581
12725.83,-62.0258
12741.09,-57.7181
12756.35,-61.0655
12771.61,-58.8601
12786.87,-64.7518
12802.12,-57.2736
12817.38,-71.2157
12832.64,-68.8998
12847.9,-65.7317
12863.16,-69.3099
12878.42,-68.637
12893.68,-72.1563
12908.94,-63.6147
12924.19,-61.9742
12939.45,-64.8181
12954.71,-63.6491
12969.97,-74.1284
12985.23,-68.416
13000.49,-54.194
13015.75,-62.8166
13031.01,-54.2332
13046.26,-68.5314
13061.52,-67.4754
13076.78,-63.7547
13092.04,-55.8811
13107.3,-63.4182
13122.56,-62.4899
13137.82,-63.5017
13153.08,-61.5641
13168.33,-66.7779
13183.59,-64.5725
13198.85,-59.6657
13214.11,-62.2271
13229.37,-64.9212
13244.63,-67.2249
13259.89,-61.4364
13275.15,-66.8565
13290.41,-62.1117
13305.66,-63.5312
13320.92,-59.4815
13336.18,-58.3812
13351.44,-63.1456
13366.7,-59.3341
13381.96,-64.1157
13397.22,-64.9826
13412.48,-65.2086
13427.73,-85.4082
13442.99,-71.3458
13458.25,-58.5458
13473.51,-58.9289
13488.77,-60.7413
13504.03,-62.3377
13519.29,-62.6299
13534.55,-64.1059
13549.8,-60.4245
13565.06,-56.5099
13580.32,-59.4324
13595.58,-60.8666
13610.84,-58.5016
13626.1,-59.5355
13641.36,-65.8987
13656.62,-62.8288
13671.88,-71.4465
13687.13,-59.5109
13702.39,-62.2689
13717.65,-79.8235
13732.91,-61.8539
13748.17,-55.692
13763.43,-60.788
13778.69,-62.3598
13793.95,-72.2594
13809.2,-57.087
13824.46,-61.9398
13839.72,-58.3616
13854.98,-69.3148
13870.24,-71.7191
13885.5,-60.4
13900.76,-58.7005
13916.02,-60.2919
13931.27,-60.7438
13946.53,-75.4521
13961.79,-65.1005
13977.05,-61.3111
13992.31,-57.5683
14007.57,-59.3292
14022.83,-60.201
14038.09,-61.6476
14053.34,-67.8536
14068.6,-63.5582
14083.86,-60.7561
14099.12,-58.1504
14114.38,-67.0775
14129.64,-58.3395
14144.9,-60.5891
14160.16,-96.0127
14175.42,-75.6215
14190.67,-68.6395
14205.93,-72.2226
14221.19,-55.9032
14236.45,-61.1245
14251.71,-54.7564
14266.97,-56.0924
14282.23,-58.45
14297.49,-57.0993
14312.74,-57.2491
14328,-72.979
14343.26,-57.2736
14358.52,-59.1868
14373.78,-64.3957
14389.04,-75.1917
14404.3,-62.9615
14419.56,-55.3433
14434.81,-61.1662
14450.07,-63.4182
14465.33,-58.5065
14480.59,-59.4815
14495.85,-62.5169
14511.11,-59.4987
14526.37,-60.7168
14541.63,-64.015
14556.88,-56.7039
14572.14,-74.9584
14587.4,-63.0106
14602.66,-58.6907
14617.92,-61.402
14633.18,-55.4612
14648.44,-77.5347
14663.7,-60.2698
14678.96,-64.074
14694.21,-61.9889
14709.47,-67.8904
14724.73,-60.7634
14739.99,-64.6978
14755.25,-65.7194
14770.51,-68.2932
14785.77,-60.6087
14801.03,-76.125
14816.28,-62.1928
14831.54,-55.6184
14846.8,-67.4852
14862.06,-61.8809
14877.32,-58.9387
14892.58,-59.2285
14907.84,-69.8428
14923.1,-62.3598
14938.35,-57.2221
14953.61,-56.753
14968.87,-62.8362
14984.13,-56.667
14999.39,-61.456
15014.65,-58.8871
15029.91,-61.5542
15045.17,-77.7139
15060.42,-68.7352
15075.68,-56.9151
15090.94,-55.638
15106.2,-63.4109
15121.46,-59.3317
15136.72,-60.427
15151.98,-54.6385
15167.24,-56.9789
15182.5,-57.561
15197.75,-70.7319
15213.01,-61.7016
15228.27,-59.7271
15243.53,-58.1799
15258.79,-62.4973
15274.05,-68.0795
15289.31,-61.9865
15304.57,-63.4453
15319.82,-57.5119
15335.08,-60.034
15350.34,-67.5097
15365.6,-58.951
15380.86,-64.3908
15396.12,-61.6426
15411.38,-70.2775
15426.64,-57.1238
15441.89,-58.4525
15457.15,-64.8132
15472.41,-61.5886
15487.67,-53.9238
15502.93,-59.2359
15518.19,-78.1192
15533.45,-58.03
15548.71,-58.6563
15563.96,-63.3691
15579.22,-59.5674
15594.48,-76.7684
15609.74,-67.6154
15625,-65.0244
15640.26,-64.0298
15655.52,-56.3036
15670.78,-60.1765
15686.04,-59.339
15701.29,-60.7487
15716.55,-54.9062
15731.81,-64.4252
15747.07,-60.7929
15762.33,-57.7795
15777.59,-67.3796
15792.85,-62.4457
15808.11,-58.4009
15823.36,-60.6898
15838.62,-62.4212
15853.88,-62.0479
15869.14,-55.5791
15884.4,-56.4558
15899.66,-65.3928
15914.92,-58.7349
15930.18,-61.704
15945.43,-65.351
15960.69,-55.7166
15975.95,-66.94
15991.21,-59.6264
16006.47,-52.7352
16021.73,-67.8192
16036.99,-61.9963
16052.25,-62.1019
16067.5,-57.3277
16082.76,-65.965
16098.02,-56.8561
16113.28,-69.0717
16128.54,-59.2899
16143.8,-58.4304
16159.06,-64.0862
16174.32,-56.3134
16189.58,-58.1799
16204.83,-58.6907
16220.09,-70.8105
16235.35,-57.0845
16250.61,-56.7947
16265.87,-75.236
16281.13,-63.3176
16296.39,-58.5777
16311.65,-57.5683
16326.9,-52.1408
16342.16,-59.7393
16357.42,-58.9805
16372.68,-71.6086
16387.94,-64.7395
16403.2,-65.5131
16418.46,-59.9014
16433.72,-64.0519
16448.97,-61.3872
16464.23,-53.1134
16479.49,-61.3627
16494.75,-61.5935
16510.01,-61.9619
16525.27,-60.5449
16540.53,-62.8681
16555.79,-61.2669
16571.04,-59.6313
16586.3,-58.2462
16601.56,-56.2201
16616.82,-54.7932
16632.08,-74.2438
16647.34,-59.9923
16662.6,-65.6531
16677.86,-73.7158
16693.12,-55.2352
16708.37,-66.827
16723.63,-64.214
16738.89,-65.8815
16754.15,-66.8491
16769.41,-65.0711
16784.67,-61.6377
16799.93,-59.4618
16815.19,-67.7701
16830.44,-63.3667
16845.7,-65.157
16860.96,-67.08
16876.22,-60.9034
16891.48,-60.648
16906.74,-66.7533
16922,-57.1336
16937.26,-73.2835
16952.51,-64.2434
16967.77,-53.7494
16983.03,-59.9014
16998.29,-65.4787
17013.55,-60.9967
17028.81,-59.4152
17044.07,-62.9713
17059.33,-56.3429
17074.58,-66.4292
17089.84,-57.4087
17105.1,-64.4055
17120.36,-55.5054
17135.62,-57.1926
17150.88,-58.5188
17166.14,-78.9492
17181.4,-57.5585
17196.66,-71.0364
17211.91,-70.4666
17227.17,-63.2807
17242.43,-64.489
17257.69,-58.6145
17272.95,-63.5951
17288.21,-60.8469
17303.47,-64.7813
17318.73,-60.8961
17333.98,-58.3125
17349.24,-55.5987
17364.5,-61.1146
17379.76,-62.8043
17395.02,-70.3389
17410.28,-68.1483
17425.54,-58.035
17440.8,-68.0009
17456.05,-63.5754
17471.31,-68.6566
17486.57,-62.765
17501.83,-55.4686
17517.09,-60.0218
17532.35,-58.644
17547.61,-72.6229
17562.87,-57.4308
17578.13,-59.8695
17593.38,-61.3921
17608.64,-55.0707
17623.9,-70.3586
17639.16,-57.6248
17654.42,-59.0149
17669.68,-55.611
17684.94,-62.0135
17700.2,-59.4987
17715.45,-58.87
17730.71,-57.5119
17745.97,-62.6397
17761.23,-71.5693
17776.49,-66.3309
17791.75,-66.7558
17807.01,-57.1042
17822.27,-66.8589
17837.52,-53.5456
17852.78,-67.6325
17868.04,-54.7883
17883.3,-66.186
17898.56,-68.303
17913.82,-66.5225
17929.08,-56.5
17944.34,-66.9891
17959.59,-57.728
17974.85,-68.2883
17990.11,-58.4942
18005.37,-58.3076
18020.63,-65.0686
18035.89,-55.7461
18051.15,-63.5533
18066.41,-58.0644
18081.67,-62.9762
18096.92,-61.4167
18112.18,-71.3139
18127.44,-67.2617
18142.7,-69.6709
18157.96,-61.1073
18173.22,-59.199
18188.48,-65.8029
18203.74,-56.0359
18218.99,-64.3515
18234.25,-63.1309
18249.51,-56.8684
18264.77,-70.2751
18280.03,-59.2703
18295.29,-56.7088
18310.55,-58.9043
18325.81,-58.4746
18341.06,-57.5487
18356.32,-54.7514
18371.58,-69.9018
18386.84,-63.767
18402.1,-61.6476
18417.36,-62.0651
18432.62,-70.0221
18447.88,-64.9188
18463.13,-63.8063
18478.39,-62.6397
18493.65,-57.448
18508.91,-62.8927
18524.17,-64.1894
18539.43,-57.2835
18554.69,-65.1963
18569.95,-57.8581
18585.21,-58.477
18600.46,-54.9872
18615.72,-59.3857
18630.98,-65.8226
18646.24,-62.5194
18661.5,-56.0899
18676.76,-59.258
18692.02,-69.0791
18707.28,-66.2769
18722.53,-62.7724
18737.79,-70.7515
18753.05,-59.9997
18768.31,-64.1919
18783.57,-87.9525
18798.83,-62.9516
18814.09,-63.0106
18829.35,-63.1751
18844.6,-59.3169
18859.86,-67.5736
18875.12,-57.0649
18890.38,-64.2311
18905.64,-61.709
18920.9,-61.9619
18936.16,-59.9137
18951.42,-56.2422
18966.67,-56.0285
18981.93,-67.4852
18997.19,-59.2285
19012.45,-55.7338
19027.71,-57.7869
19042.97,-64.4448
19058.23,-55.2893
19073.49,-58.3051
19088.75,-67.4238
19104,-55.1591
19119.26,-61.6598
19134.52,-65.6482
19149.78,-61.9717
19165.04,-63.9929
19180.3,-71.7682
19195.56,-73.6495
19210.82,-62.8092
19226.07,-60.4638
19241.33,-57.4603
19256.59,-69.9165
19271.85,-68.3128
19287.11,-63.2242
19302.37,-58.1234
19317.63,-59.6411
19332.89,-54.3339
19348.14,-55.5054
19363.4,-58.5433
19378.66,-58.8577
19393.92,-73.3032
19409.18,-67.2371
19424.44,-64.2606
19439.7,-64.101
19454.96,-60.4589
19470.21,-57.5929
19485.47,-58.3198
19500.73,-62.8583
19515.99,-57.168
19531.25,-73.8779
19546.51,-54.2996
19561.77,-70.059
19577.03,-61.3062
19592.29,-59.9555
19607.54,-71.7707
19622.8,-58.1528
19638.06,-56.4214
19653.32,-55.1026
19668.58,-60.2526
19683.84,-62.8215
19699.1,-73.0478
19714.36,-69.219
19729.61,-66.0436
19744.87,-59.9653
19760.13,-63.4477
19775.39,-58.2977
19790.65,-62.738
19805.91,-59.6607
19821.17,-61.2792
19836.43,-54.9847
19851.68,-67.5392
19866.94,-61.4093
19882.2,-58.4746
19897.46,-65.4861
19912.72,-64.3883
19927.98,-68.7917
19943.24,-66.8442
19958.5,-66.9252
19973.75,-59.1131
19989.01,-54.3143
20004.27,-54.2946
20019.53,-66.967
20034.79,-62.8387
20050.05,-58.1479
20065.31,-62.7871
20080.57,-76.8863
20095.83,-57.0772
20111.08,-54.7441
20126.34,-73.6765
20141.6,-65.0711
20156.86,-65.3756
20172.12,-61.4977
20187.38,-55.611
20202.64,-60.3066
20217.9,-61.2399
20233.15,-58.1135
20248.41,-72.8243
20263.67,-65.157
20278.93,-65.1742
20294.19,-66.4832
20309.45,-57.9244
20324.71,-62.5661
20339.97,-53.7519
20355.22,-52.578
20370.48,-71.8468
20385.74,-70.8031
20401,-63.713
20416.26,-56.2618
20431.52,-54.6336
20446.78,-69.8158
20462.04,-57.0796
20477.29,-56.8537
20492.55,-61.0999
20507.81,-59.0394
20523.07,-60.5473
20538.33,-64.5872
20553.59,-58.1234
20568.85,-55.5717
20584.11,-55.5938
20599.37,-57.4848
20614.62,-58.6931
20629.88,-66.3211
20645.14,-54.9676
20660.4,-58.7251
20675.66,-61.8367
20690.92,-63.3519
20706.18,-65.5819
20721.44,-60.3017
20736.69,-63.3593
20751.95,-61.0287
20767.21,-65.3314
20782.47,-63.18
20797.73,-63.9192
20812.99,-58.6023
20828.25,-70.7171
20843.51,-61.1883
20858.76,-66.8393
20874.02,-64.0617
20889.28,-64.9458
20904.54,-64.2434
20919.8,-61.5346
20935.06,-72.1759
20950.32,-65.0121
20965.58,-57.2171
20980.83,-59.398
20996.09,-54.9749
21011.35,-59.1131
21026.61,-55.8099
21041.87,-71.1199
21057.13,-58.0399
21072.39,-59.786
21087.65,-64.5971
21102.91,-59.8277
21118.16,-70.1204
21133.42,-65.6089
21148.68,-68.8875
21163.94,-57.4431
21179.2,-66.4758
21194.46,-63.713
21209.72,-61.0999
21224.98,-68.1385
21240.23,-60.7168
21255.49,-66.6526
21270.75,-61.4044
21286.01,-58.0178
21301.27,-56.6326
21316.53,-57.809
21331.79,-56.7628
21347.05,-64.155
21362.3,-66.1124
21377.56,-55.5128
21392.82,-54.8079
21408.08,-67.0333
21423.34,-56.613
21438.6,-63.8308
21453.86,-62.9688
21469.12,-56.7039
21484.38,-65.4198
21499.63,-69.2485
21514.89,-72.9741
21530.15,-65.8496
21545.41,-62.1093
21560.67,-63.1923
21575.93,-55.7215
21591.19,-65.9724
21606.45,-63.5239
21621.7,-63.573
21636.96,-60.8961
21652.22,-70.7834
21667.48,-64.2803
21682.74,-61.1343
21698,-58.7938
21713.26,-60.3116
21728.52,-63.6737
21743.77,-53.8698
21759.03,-59.0173
21774.29,-56.0825
21789.55,-64.1526
21804.81,-69.4941
21820.07,-57.1852
21835.33,-60.5326
21850.59,-56.9716
21865.84,-62.8534
21881.1,-56.9372
21896.36,-67.4484
21911.62,-58.5433
21926.88,-71.3753
21942.14,-64.3908
21957.4,-65.0269
21972.66,-58.5581
21987.92,-58.9559
22003.17,-59.6067
22018.43,-68.971
22033.69,-64.7469
22048.95,-60.4122
22064.21,-63.5754
22079.47,-58.6907
22094.73,-61.0459
22109.99,-60.0193
22125.24,-58.7815
22140.5,-61.3897
22155.76,-58.9412
22171.02,-64.0494
22186.28,-58.4598
22201.54,-73.0257
22216.8,-66.5151
22232.06,-78.9517
22247.31,-55.5128
22262.57,-64.9655
22277.83,-73.2835
22293.09,-67.6522
22308.35,-59.7344
22323.61,-62.0994
22338.87,-65.7562
22354.13,-61.9914
22369.38,-61.9521
22384.64,-74.6907
22399.9,-60.0218
22415.16,-54.2332
22430.42,-61.9545
22445.68,-59.2138
22460.94,-54.663
22476.2,-58.5188
22491.46,-53.44
22506.71,-63.4625
22521.97,-61.957
