LECROYWR44Xi,13218,Waveform
Segments,1,SegmentSize,1480
Segment,TrigTime,TimeSinceSegment1
#1,15-Jul-2010 18:53:06,0                 
Time,Ampl
0,-117.958
15.25879,-52.5548
30.51758,-53.0744
45.77637,-55.2412
61.03516,-55.2241
76.29395,-56.3246
91.55273,-50.2164
106.8115,-43.466
122.0703,-51.1258
137.3291,-48.91
152.5879,-53.3343
167.8467,-55.5746
183.1055,-58.6679
198.3643,-57.837
213.623,-57.9203
228.8818,-57.8787
244.1406,-58.06
259.3994,-58.2929
274.6582,-58.6312
289.917,-58.3811
305.1758,-59.3297
320.4346,-59.1729
335.6934,-59.4891
350.9521,-59.7121
366.2109,-59.0846
381.4697,-59.3861
396.7285,-59.3689
411.9873,-59.3738
427.2461,-59.0013
442.5049,-59.5332
457.7637,-58.7022
473.0225,-59.7856
488.2813,-59.3591
503.54,-59.6729
518.7988,-59.6435
534.0576,-59.6729
549.3164,-56.5109
564.5752,-59.342
579.834,-57.9056
595.0928,-59.5528
610.3516,-59.2758
625.6104,-59.6851
640.8691,-58.5478
656.1279,-59.9376
671.3867,-59.5381
686.6455,-58.6189
701.9043,-59.1851
717.1631,-58.9008
732.4219,-59.2856
747.6807,-59.3248
762.9395,-59.0577
778.1982,-59.0871
793.457,-58.9964
808.7158,-59.8739
823.9746,-59.3959
839.2334,-59.4008
854.4922,-59.2047
869.751,-59.8126
885.0098,-59.4498
900.2686,-58.8248
915.5273,-58.8076
930.7861,-59.7268
946.0449,-60.016
961.3037,-58.5307
976.5625,-59.2537
991.8213,-59.4033
1007.08,-59.3175
1022.339,-59.5675
1037.598,-59.4327
1052.856,-58.7047
1068.115,-59.8077
1083.374,-59.2832
1098.633,-59.092
1113.892,-59.4204
1129.15,-59.6606
1144.409,-59.4621
1159.668,-59.6729
1174.927,-58.8223
1190.186,-59.5258
1205.444,-59.1851
1220.703,-59.5846
1235.962,-59.8298
1251.221,-59.5013
1266.479,-59.2488
1281.738,-59.9817
1296.997,-59.4376
1312.256,-59.3689
1327.515,-59.8592
1342.773,-58.766
1358.032,-59.6459
1373.291,-59.2317
1388.55,-59.217
1403.809,-58.94
1419.067,-59.9646
1434.326,-59.5209
1449.585,-58.9596
1464.844,-59.6043
1480.103,-59.6312
1495.361,-59.44
1510.62,-59.5797
1525.879,-59.7709
1541.138,-59.5945
1556.396,-59.6827
1571.655,-58.891
1586.914,-59.6435
1602.173,-59.3837
1617.432,-58.8003
1632.69,-59.2121
1647.949,-59.6361
1663.208,-59.4229
1678.467,-58.663
1693.726,-60.1116
1708.984,-59.9401
1724.243,-59.4082
1739.502,-58.4277
1754.761,-60.1656
1770.02,-59.4057
1785.278,-59.7072
1800.537,-59.7587
1815.796,-59.8494
1831.055,-59.3984
1846.313,-59.9915
1861.572,-59.3738
1876.831,-59.7954
1892.09,-59.6655
1907.349,-59.8494
1922.607,-59.44
1937.866,-59.717
1953.125,-59.9915
1968.384,-59.0013
1983.643,-59.3469
1998.901,-59.19
2014.16,-60.1288
2029.419,-59.6974
2044.678,-59.7391
2059.937,-59.342
2075.195,-59.8984
2090.454,-59.2807
2105.713,-59.7293
2120.972,-59.4866
2136.23,-59.1361
2151.489,-59.4964
2166.748,-59.6361
2182.007,-59.6092
2197.266,-59.1557
2212.524,-59.217
2227.783,-59.9719
2243.042,-59.0846
2258.301,-59.4817
2273.56,-59.7636
2288.818,-59.3714
2304.077,-58.8763
2319.336,-59.5111
2334.595,-58.4816
2349.854,-58.9743
2365.112,-58.9988
2380.371,-59.9082
2395.63,-58.7856
2410.889,-59.467
2426.147,-59.6018
2441.406,-58.9523
2456.665,-58.7709
2471.924,-59.9278
2487.183,-59.3518
2502.441,-59.1802
2517.7,-59.4204
2532.959,-59.5945
2548.218,-59.4866
2563.477,-59.9474
2578.735,-59.7415
2593.994,-59.7366
2609.253,-58.7929
2624.512,-60.3494
2639.771,-59.1949
2655.029,-60.1533
2670.288,-59.7734
2685.547,-59.9621
2700.806,-59.5895
2716.064,-60.0259
2731.323,-60.0062
2746.582,-58.8738
2761.841,-59.5381
2777.1,-58.864
2792.358,-59.2072
2807.617,-59.5087
2822.876,-59.4866
2838.135,-59.3371
2853.394,-59.8739
2868.652,-58.8101
2883.911,-59.2121
2899.17,-60.2268
2914.429,-59.8052
2929.688,-59.0552
2944.946,-59.8371
2960.205,-59.7734
2975.464,-60.3249
2990.723,-59.2979
3005.981,-59.5234
3021.24,-59.793
3036.499,-59.4327
3051.758,-60.1435
3067.017,-59.2488
3082.275,-59.1729
3097.534,-59.494
3112.793,-59.7513
3128.052,-59.3469
3143.311,-59.2709
3158.569,-58.9523
3173.828,-59.3837
3189.087,-59.3248
3204.346,-58.5919
3219.604,-59.3175
3234.863,-59.6435
3250.122,-59.9842
3265.381,-59.5699
3280.64,-59.8886
3295.898,-59.2611
3311.157,-59.5283
3326.416,-59.065
3341.675,-59.2807
3356.934,-59.2145
3372.192,-58.9743
3387.451,-59.0478
3402.71,-59.7293
3417.969,-59.3444
3433.228,-59.0331
3448.486,-59.114
3463.745,-58.8321
3479.004,-59.8028
3494.263,-59.1655
3509.521,-59.2464
3524.78,-59.2415
3540.039,-59.0331
3555.298,-59.5552
3570.557,-59.5773
3585.815,-60.1827
3601.074,-59.4327
3616.333,-59.7758
3631.592,-60.0357
3646.851,-59.5601
3662.109,-59.4645
3677.368,-59.3248
3692.627,-59.7758
3707.886,-59.5601
3723.145,-59.8224
3738.403,-60.0455
3753.662,-59.0528
3768.921,-59.038
3784.18,-58.9743
3799.438,-59.4596
3814.697,-59.5895
3829.956,-60.016
3845.215,-59.5748
3860.474,-58.8248
3875.732,-58.6483
3890.991,-59.4989
3906.25,-59.342
3921.509,-59.3469
3936.768,-59.2856
3952.026,-60.0062
3967.285,-59.4768
3982.544,-59.7832
3997.803,-59.2366
4013.062,-59.3714
4028.32,-59.3984
4043.579,-59.6288
4058.838,-59.1802
4074.097,-59.364
4089.355,-59.8052
4104.614,-59.2685
4119.873,-60.2514
4135.132,-58.6361
4150.391,-58.2806
4165.649,-59.6631
4180.908,-58.9351
4196.167,-59.8396
4211.426,-59.6508
4226.685,-59.5945
4241.943,-59.6361
4257.202,-60.0994
4272.461,-59.5381
4287.72,-59.8445
4302.979,-58.9375
4318.237,-59.1336
4333.496,-60.1386
4348.755,-58.8297
4364.014,-60.0798
4379.272,-59.4351
4394.531,-59.9793
4409.79,-59.2881
4425.049,-58.2169
4440.308,-59.744
4455.566,-59.7366
4470.825,-59.6999
4486.084,-59.7464
4501.343,-58.8469
4516.602,-59.7317
4531.86,-58.6042
4547.119,-59.4596
4562.378,-58.9719
4577.637,-59.2881
4592.896,-58.1017
4608.154,-58.7194
4623.413,-59.8935
4638.672,-59.6851
4653.931,-59.6337
4669.189,-59.1336
4684.448,-59.1091
4699.707,-59.092
4714.966,-59.3886
4730.225,-59.4033
4745.483,-59.6753
4760.742,-59.0601
4776.001,-59.641
4791.26,-59.141
4806.519,-59.9082
4821.777,-59.6974
4837.036,-59.1827
4852.295,-60.3273
4867.554,-59.6043
4882.813,-60.1607
4898.071,-58.7562
4913.33,-58.6949
4928.589,-58.8763
4943.848,-59.842
4959.106,-59.6778
4974.365,-59.2439
4989.624,-58.9277
5004.883,-59.4596
5020.142,-59.1876
5035.4,-58.9866
5050.659,-59.5381
5065.918,-59.9205
5081.177,-59.2905
5096.436,-59.5699
5111.694,-59.7268
5126.953,-58.9253
5142.212,-59.4327
5157.471,-58.3101
5172.729,-59.065
5187.988,-59.266
5203.247,-59.6851
5218.506,-59.6337
5233.765,-60.1509
5249.023,-58.462
5264.282,-60.3543
5279.541,-59.1042
5294.8,-59.8788
5310.059,-59.7587
5325.317,-59.4278
5340.576,-59.6067
5355.835,-59.6361
5371.094,-59.9254
5386.353,-59.6631
5401.611,-59.4866
5416.87,-58.9939
5432.129,-59.3542
5447.388,-59.3984
5462.646,-59.1238
5477.905,-59.6239
5493.164,-59.6557
5508.423,-58.5012
5523.682,-58.815
5538.94,-60.0455
5554.199,-59.6925
5569.458,-59.8077
5584.717,-59.4645
5599.976,-59.4645
5615.234,-59.717
5630.493,-59.1753
5645.752,-58.989
5661.011,-59.4817
5676.27,-59.2341
5691.528,-58.9841
5706.787,-59.8469
5722.046,-59.1729
5737.305,-59.5136
5752.563,-58.7733
5767.822,-59.3616
5783.081,-59.3861
5798.34,-59.217
5813.599,-59.0307
5828.857,-58.9449
5844.116,-60.1362
5859.375,-58.7978
5874.634,-59.168
5889.893,-59.1238
5905.151,-58.8174
5920.41,-59.364
5935.669,-59.5822
5950.928,-59.3175
5966.187,-60.0479
5981.445,-59.7293
5996.704,-59.5626
6011.963,-59.3371
6027.222,-59.0478
6042.48,-59.2685
6057.739,-59.1263
6072.998,-59.5994
6088.257,-59.2096
6103.516,-58.8297
6118.774,-59.5356
6134.033,-59.8028
6149.292,-59.3518
6164.551,-58.891
6179.81,-58.9621
6195.068,-59.4498
6210.327,-59.8984
6225.586,-59.19
6240.845,-59.5969
6256.104,-59.1459
6271.362,-60.1999
6286.621,-58.5209
6301.88,-59.8543
6317.139,-59.364
6332.397,-59.6312
6347.656,-58.8763
6362.915,-59.2734
6378.174,-59.4008
6393.433,-59.1532
6408.691,-59.9744
6423.95,-59.6606
6439.209,-58.3738
6454.468,-59.4866
6469.727,-59.4425
6484.985,-59.2513
6500.244,-59.6974
6515.503,-59.6827
6530.762,-59.9646
6546.021,-59.1361
6561.279,-59.3935
6576.538,-59.0577
6591.797,-59.4792
6607.056,-59.0478
6622.314,-59.7709
6637.573,-59.5871
6652.832,-59.5258
6668.091,-59.1263
6683.35,-59.6263
6698.608,-58.6189
6713.867,-59.8445
6729.126,-59.717
6744.385,-60.2734
6759.644,-58.9523
6774.902,-59.19
6790.161,-59.5136
6805.42,-59.5994
6820.679,-58.9817
6835.938,-59.8714
6851.196,-59.5038
6866.455,-59.0258
6881.714,-58.9106
6896.973,-59.5332
6912.231,-59.2758
6927.49,-59.5773
6942.749,-58.9228
6958.008,-59.7121
6973.267,-58.8052
6988.525,-60.0013
7003.784,-59.3224
7019.043,-59.3199
7034.302,-58.8469
7049.561,-60.4818
7064.819,-59.7121
7080.078,-59.6312
7095.337,-59.7685
7110.596,-58.6753
7125.854,-60.2661
7141.113,-58.8983
7156.372,-59.1827
7171.631,-58.5503
7186.89,-59.2709
7202.148,-59.5307
7217.407,-59.5601
7232.666,-58.9719
7247.925,-60.0847
7263.184,-59.4376
7278.442,-59.9156
7293.701,-59.2979
7308.96,-59.1361
7324.219,-59.016
7339.478,-59.6018
7354.736,-59.2047
7369.995,-58.6508
7385.254,-59.1459
7400.513,-59.869
7415.771,-59.5969
7431.03,-59.4229
7446.289,-59.3935
7461.548,-59.5528
7476.807,-59.8102
7492.065,-59.3052
7507.324,-60.4793
7522.583,-59.1042
7537.842,-60.5823
7553.101,-59.2488
7568.359,-58.9817
7583.618,-59.4376
7598.877,-59.3886
7614.136,-59.3077
7629.395,-59.9303
7644.653,-59.0135
7659.912,-60.1876
7675.171,-59.7317
7690.43,-60.1582
7705.688,-58.913
7720.947,-59.315
7736.206,-60.1509
7751.465,-59.6337
7766.724,-59.7734
7781.982,-59.7121
7797.241,-59.8886
7812.5,-59.6876
7827.759,-59.19
7843.018,-58.9179
7858.276,-59.8028
7873.535,-59.168
7888.794,-59.6508
7904.053,-59.1998
7919.312,-59.0282
7934.57,-59.4817
7949.829,-58.9915
7965.088,-59.1385
7980.347,-59.418
7995.605,-59.0822
8010.864,-59.4229
8026.123,-59.4229
8041.382,-59.342
8056.641,-59.6729
8071.899,-59.7685
8087.158,-59.4842
8102.417,-59.6043
8117.676,-58.9523
8132.935,-59.1336
8148.193,-59.3444
8163.452,-59.5748
8178.711,-59.4278
8193.97,-59.6582
8209.229,-59.4474
8224.487,-59.0135
8239.746,-59.2047
8255.005,-59.1631
8270.264,-60.092
8285.522,-59.1091
8300.781,-59.8518
8316.04,-59.7121
8331.299,-59.3322
8346.558,-59.3689
8361.816,-59.4204
8377.075,-60.0087
8392.334,-59.3567
8407.593,-58.9106
8422.852,-59.4866
8438.11,-59.342
8453.369,-60.0749
8468.628,-60.3494
8483.887,-60.119
8499.146,-59.4425
8514.404,-58.5601
8529.663,-58.9964
8544.922,-59.9597
8560.181,-59.4106
8575.439,-59.2047
8590.698,-58.1164
8605.957,-59.0405
8621.216,-59.5283
8636.475,-59.8151
8651.733,-59.2734
8666.992,-59.4033
8682.251,-60.0308
8697.51,-59.6361
8712.769,-59.2709
8728.027,-58.3297
8743.286,-59.7464
8758.545,-59.2856
8773.804,-60.4573
8789.063,-59.0797
8804.321,-59.3763
8819.58,-58.9645
8834.839,-59.1974
8850.098,-59.391
8865.356,-59.7611
8880.615,-59.3714
8895.874,-60.0259
8911.133,-59.4842
8926.392,-59.0895
8941.65,-60.293
8956.909,-59.2635
8972.168,-58.8125
8987.427,-58.9792
9002.686,-59.7905
9017.944,-58.8738
9033.203,-59.7881
9048.462,-59.0528
9063.721,-59.4891
9078.979,-59.2243
9094.238,-59.2268
9109.497,-60.6779
9124.756,-59.4106
9140.015,-59.619
9155.273,-59.5038
9170.532,-59.4082
9185.791,-58.7954
9201.05,-59.543
9216.309,-59.6435
9231.567,-58.9939
9246.826,-59.6239
9262.085,-59.9278
9277.344,-59.5283
9292.603,-58.6459
9307.861,-59.3273
9323.12,-59.8641
9338.379,-59.3395
9353.638,-60.2465
9368.896,-59.6312
9384.155,-59.1067
9399.414,-60.3592
9414.673,-59.5577
9429.932,-58.8371
9445.19,-59.8959
9460.449,-59.717
9475.708,-59.565
9490.967,-59.1385
9506.226,-59.8249
9521.484,-59.5405
9536.743,-59.2562
9552.002,-58.815
9567.261,-59.4449
9582.52,-59.7072
9597.778,-59.3788
9613.037,-59.2439
9628.296,-59.3371
9643.555,-59.1876
9658.813,-59.3935
9674.072,-59.9915
9689.331,-59.8861
9704.59,-58.891
9719.849,-59.967
9735.107,-59.5332
9750.366,-58.9204
9765.625,-59.5185
9780.884,-59.6312
9796.143,-60.3568
9811.401,-60.1435
9826.66,-60.3151
9841.919,-58.5625
9857.178,-59.5626
9872.437,-59.9891
9887.695,-59.6043
9902.954,-59.391
9918.213,-60.0504
9933.472,-60.2342
9948.73,-59.1655
9963.989,-59.3077
9979.248,-59.3322
9994.507,-59.8518
10009.77,-59.6043
10025.02,-58.9302
10040.28,-60.1043
10055.54,-58.6238
10070.8,-59.6312
10086.06,-59.1581
10101.32,-58.94
10116.58,-58.9915
10131.84,-58.7292
10147.09,-59.5136
10162.35,-58.5601
10177.61,-59.2488
10192.87,-59.7317
10208.13,-59.391
10223.39,-59.0944
10238.65,-59.3616
10253.91,-59.2635
10269.17,-58.7929
10284.42,-59.3297
10299.68,-59.8592
10314.94,-59.8151
10330.2,-59.7832
10345.46,-59.5307
10360.72,-59.6753
10375.98,-59.4449
10391.24,-59.7121
10406.49,-59.3077
10421.75,-59.8224
10437.01,-59.4474
10452.27,-58.6189
10467.53,-59.0724
10482.79,-59.8077
10498.05,-60.0283
10513.31,-58.5209
10528.56,-59.1067
10543.82,-58.8983
10559.08,-59.1361
10574.34,-59.0773
10589.6,-59.5209
10604.86,-59.3077
10620.12,-59.5185
10635.38,-59.717
10650.63,-59.4082
10665.89,-59.5969
10681.15,-59.4547
10696.41,-59.3248
10711.67,-59.5724
10726.93,-59.7023
10742.19,-59.3493
10757.45,-59.5332
10772.71,-59.8052
10787.96,-59.6067
10803.22,-59.3273
10818.48,-59.5209
10833.74,-59.4547
10849,-59.4278
10864.26,-58.8689
10879.52,-59.1631
10894.78,-59.2464
10910.03,-59.4694
10925.29,-59.9278
10940.55,-59.8959
10955.81,-59.3935
10971.07,-59.7538
10986.33,-59.5846
11001.59,-59.2121
11016.85,-59.4572
11032.1,-59.3297
11047.36,-59.7636
11062.62,-59.994
11077.88,-59.0993
11093.14,-58.864
11108.4,-59.4302
11123.66,-59.4425
11138.92,-59.8175
11154.17,-58.538
11169.43,-59.6288
11184.69,-59.9817
11199.95,-59.8003
11215.21,-59.5454
11230.47,-59.9156
11245.73,-59.3567
11260.99,-59.7366
11276.25,-59.3984
11291.5,-59.2366
11306.76,-59.1336
11322.02,-60.0602
11337.28,-58.8616
11352.54,-60.1484
11367.8,-59.8347
11383.06,-59.0062
11398.32,-60.0013
11413.57,-59.7562
11428.83,-60.0602
11444.09,-59.7562
11459.35,-59.7244
11474.61,-59.2513
11489.87,-59.7905
11505.13,-59.6116
11520.39,-59.6851
11535.64,-58.739
11550.9,-59.0748
11566.16,-58.587
11581.42,-59.4204
11596.68,-59.2243
11611.94,-59.4449
11627.2,-59.8224
11642.46,-59.0552
11657.71,-59.7562
11672.97,-59.6533
11688.23,-59.2292
11703.49,-59.7758
11718.75,-58.7929
11734.01,-59.1483
11749.27,-59.5945
11764.53,-59.4817
11779.79,-59.2905
11795.04,-59.3861
11810.3,-59.3837
11825.56,-59.4596
11840.82,-59.7023
11856.08,-58.8518
11871.34,-59.9548
11886.6,-59.5945
11901.86,-59.2562
11917.11,-59.5038
11932.37,-59.4033
11947.63,-59.2121
11962.89,-59.0724
11978.15,-58.788
11993.41,-60.2587
12008.67,-58.5135
12023.93,-59.4645
12039.18,-58.7243
12054.44,-59.2194
12069.7,-58.9474
12084.96,-59.5454
12100.22,-58.8027
12115.48,-59.1753
12130.74,-59.6214
12146,-59.4253
12161.25,-59.1925
12176.51,-59.4817
12191.77,-59.0699
12207.03,-59.9719
12222.29,-59.8224
12237.55,-60.0577
12252.81,-59.19
12268.07,-60.2268
12283.33,-59.9572
12298.58,-59.7856
12313.84,-59.217
12329.1,-59.6214
12344.36,-58.7978
12359.62,-59.717
12374.88,-58.9253
12390.14,-59.8739
12405.4,-59.2562
12420.65,-58.9523
12435.91,-59.2979
12451.17,-59.516
12466.43,-59.4989
12481.69,-60.3666
12496.95,-58.8248
12512.21,-60.092
12527.47,-59.6312
12542.72,-58.6336
12557.98,-59.6557
12573.24,-59.1361
12588.5,-59.6018
12603.76,-59.1214
12619.02,-59.2881
12634.28,-59.717
12649.54,-59.4425
12664.79,-59.7685
12680.05,-59.3469
12695.31,-59.2685
12710.57,-58.8027
12725.83,-58.8885
12741.09,-59.5087
12756.35,-59.6337
12771.61,-59.2145
12786.87,-58.3566
12802.12,-59.3028
12817.38,-59.6851
12832.64,-59.5356
12847.9,-59.3542
12863.16,-59.3935
12878.42,-59.1434
12893.68,-59.9499
12908.94,-59.114
12924.19,-60.5259
12939.45,-59.0258
12954.71,-59.5307
12969.97,-58.6459
12985.23,-59.9033
13000.49,-59.6116
13015.75,-59.4964
13031.01,-59.4891
13046.26,-58.9792
13061.52,-59.9352
13076.78,-59.1091
13092.04,-59.4719
13107.3,-59.3591
13122.56,-58.8836
13137.82,-59.3837
13153.08,-58.7978
13168.33,-59.3714
13183.59,-59.9376
13198.85,-59.4743
13214.11,-59.3297
13229.37,-59.2685
13244.63,-58.864
13259.89,-59.994
13275.15,-59.2635
13290.41,-60.4058
13305.66,-59.2194
13320.92,-59.3591
13336.18,-59.7856
13351.44,-59.8812
13366.7,-59.4351
13381.96,-59.6141
13397.22,-59.6092
13412.48,-58.8542
13427.73,-58.8003
13442.99,-59.8616
13458.25,-59.5013
13473.51,-59.0307
13488.77,-60.5823
13504.03,-59.1459
13519.29,-59.2366
13534.55,-59.3616
13549.8,-59.1263
13565.06,-58.5258
13580.32,-59.6239
13595.58,-59.494
13610.84,-60.0357
13626.1,-58.9621
13641.36,-59.4719
13656.62,-59.2219
13671.88,-59.8028
13687.13,-58.7366
13702.39,-59.6043
13717.65,-58.8836
13732.91,-59.0773
13748.17,-57.2904
13763.43,-58.9228
13778.69,-59.168
13793.95,-59.891
13809.2,-59.2513
13824.46,-59.1116
13839.72,-60.4303
13854.98,-59.5454
13870.24,-59.4425
13885.5,-59.1606
13900.76,-59.7881
13916.02,-59.3788
13931.27,-59.6067
13946.53,-58.8444
13961.79,-59.364
13977.05,-58.8738
13992.31,-58.9596
14007.57,-59.1042
14022.83,-60.0847
14038.09,-59.793
14053.34,-59.2072
14068.6,-59.168
14083.86,-59.2488
14099.12,-59.5626
14114.38,-59.8151
14129.64,-59.7734
14144.9,-59.2194
14160.16,-59.4155
14175.42,-59.8249
14190.67,-59.0478
14205.93,-60.396
14221.19,-59.1287
14236.45,-59.9817
14251.71,-59.5405
14266.97,-59.0086
14282.23,-58.9375
14297.49,-59.1312
14312.74,-59.1974
14328,-58.8101
14343.26,-59.3837
14358.52,-59.1631
14373.78,-59.3003
14389.04,-59.2488
14404.3,-59.6606
14419.56,-59.6631
14434.81,-59.0037
14450.07,-58.6434
14465.33,-59.9352
14480.59,-58.6998
14495.85,-59.7366
14511.11,-59.0429
14526.37,-59.4498
14541.63,-60.0062
14556.88,-59.3297
14572.14,-60.1386
14587.4,-58.8787
14602.66,-59.7979
14617.92,-60.0209
14633.18,-59.6827
14648.44,-59.2856
14663.7,-59.4449
14678.96,-59.1042
14694.21,-59.1876
14709.47,-59.7611
14724.73,-59.3322
14739.99,-59.8151
14755.25,-58.6753
14770.51,-59.2072
14785.77,-59.2464
14801.03,-59.7905
14816.28,-58.7415
14831.54,-59.2537
14846.8,-59.0062
14862.06,-59.1998
14877.32,-59.9131
14892.58,-58.4277
14907.84,-59.7317
14923.1,-58.6949
14938.35,-59.8763
14953.61,-58.7292
14968.87,-60.0675
14984.13,-59.5454
14999.39,-59.9156
15014.65,-59.467
15029.91,-59.9744
15045.17,-58.8934
15060.42,-60.0871
15075.68,-58.6728
15090.94,-59.4351
15106.2,-59.3738
15121.46,-59.4964
15136.72,-59.4302
15151.98,-59.4474
15167.24,-59.7832
15182.5,-59.6999
15197.75,-59.4621
15213.01,-58.8763
15228.27,-59.0258
15243.53,-59.5577
15258.79,-59.0331
15274.05,-59.7121
15289.31,-59.5822
15304.57,-60.0675
15319.82,-59.5454
15335.08,-59.2464
15350.34,-59.6729
15365.6,-59.2856
15380.86,-59.3052
15396.12,-59.0356
15411.38,-59.3248
15426.64,-60.7465
15441.89,-58.8689
15457.15,-60.0871
15472.41,-59.2758
15487.67,-59.516
15502.93,-59.1974
15518.19,-59.918
15533.45,-59.8052
15548.71,-59.4376
15563.96,-59.6214
15579.22,-59.0209
15594.48,-59.1214
15609.74,-59.8935
15625,-59.0356
15640.26,-60.2097
15655.52,-59.4302
15670.78,-59.6655
15686.04,-58.8934
15701.29,-60.6533
15716.55,-59.3101
15731.81,-59.4425
15747.07,-59.4008
15762.33,-59.2439
15777.59,-58.7243
15792.85,-58.7169
15808.11,-59.918
15823.36,-59.994
15838.62,-59.4964
15853.88,-58.6532
15869.14,-58.7218
15884.4,-59.8298
15899.66,-59.6851
15914.92,-58.5919
15930.18,-60.3935
15945.43,-59.1655
15960.69,-59.9033
15975.95,-60.0749
15991.21,-58.3983
16006.47,-59.7072
16021.73,-60.1239
16036.99,-59.8126
16052.25,-59.239
16067.5,-60.1803
16082.76,-59.9695
16098.02,-59.6141
16113.28,-59.038
16128.54,-60.0308
16143.8,-58.9719
16159.06,-59.9915
16174.32,-59.6288
16189.58,-59.7881
16204.83,-59.619
16220.09,-59.1876
16235.35,-59.766
16250.61,-59.3224
16265.87,-59.619
16281.13,-59.0258
16296.39,-59.641
16311.65,-59.4131
16326.9,-59.3738
16342.16,-59.0577
16357.42,-60.6337
16372.68,-59.6778
16387.94,-59.0478
16403.2,-59.3199
16418.46,-59.3199
16433.72,-59.0037
16448.97,-59.9401
16464.23,-59.8151
16479.49,-59.3567
16494.75,-59.6459
16510.01,-59.7195
16525.27,-59.2415
16540.53,-59.4204
16555.79,-59.1434
16571.04,-59.2807
16586.3,-59.7734
16601.56,-59.5577
16616.82,-59.8641
16632.08,-59.5087
16647.34,-59.3444
16662.6,-59.3003
16677.86,-60.0479
16693.12,-58.8027
16708.37,-59.9842
16723.63,-59.6312
16738.89,-58.7831
16754.15,-59.1067
16769.41,-59.5724
16784.67,-60.0357
16799.93,-59.543
16815.19,-59.9425
16830.44,-59.3444
16845.7,-59.1631
16860.96,-59.8322
16876.22,-60.0013
16891.48,-59.7268
16906.74,-59.2341
16922,-59.1336
16937.26,-59.2954
16952.51,-59.5479
16967.77,-58.6312
16983.03,-59.9303
16998.29,-59.0993
17013.55,-59.7121
17028.81,-58.9032
17044.07,-59.6582
17059.33,-59.5846
17074.58,-59.7048
17089.84,-59.2856
17105.1,-59.7097
17120.36,-59.1655
17135.62,-59.2734
17150.88,-58.8616
17166.14,-59.1532
17181.4,-59.016
17196.66,-59.2366
17211.91,-59.6876
17227.17,-59.8959
17242.43,-59.0822
17257.69,-60.3935
17272.95,-59.9523
17288.21,-59.0209
17303.47,-59.9278
17318.73,-59.8518
17333.98,-59.9891
17349.24,-59.7954
17364.5,-60.0087
17379.76,-59.3346
17395.02,-59.5405
17410.28,-59.0307
17425.54,-59.0969
17440.8,-59.1189
17456.05,-60.0283
17471.31,-59.1851
17486.57,-60.0749
17501.83,-59.7391
17517.09,-59.9033
17532.35,-59.3077
17547.61,-58.7292
17562.87,-59.3199
17578.13,-59.092
17593.38,-59.293
17608.64,-59.1263
17623.9,-59.016
17639.16,-59.4694
17654.42,-59.9695
17669.68,-59.0233
17684.94,-59.4866
17700.2,-59.8812
17715.45,-59.8469
17730.71,-59.0895
17745.97,-58.4669
17761.23,-58.6875
17776.49,-59.3689
17791.75,-60.4793
17807.01,-59.3886
17822.27,-59.2881
17837.52,-59.2537
17852.78,-59.6949
17868.04,-59.4327
17883.3,-58.8395
17898.56,-59.4449
17913.82,-59.2954
17929.08,-59.5994
17944.34,-59.239
17959.59,-59.8396
17974.85,-59.8028
17990.11,-59.619
18005.37,-58.4155
18020.63,-59.6949
18035.89,-59.592
18051.15,-59.5258
18066.41,-58.9694
18081.67,-58.8959
18096.92,-59.2047
18112.18,-59.9106
18127.44,-59.4474
18142.7,-59.038
18157.96,-59.4131
18173.22,-59.1532
18188.48,-60.0357
18203.74,-59.3591
18218.99,-59.8812
18234.25,-59.4327
18249.51,-60.1827
18264.77,-59.5111
18280.03,-59.0331
18295.29,-59.9376
18310.55,-59.0454
18325.81,-59.7195
18341.06,-59.9327
18356.32,-59.1263
18371.58,-58.8248
18386.84,-59.5479
18402.1,-59.0086
18417.36,-58.8223
18432.62,-58.9253
18447.88,-60.0528
18463.13,-59.4131
18478.39,-58.8591
18493.65,-59.3003
18508.91,-59.918
18524.17,-59.6067
18539.43,-59.6606
18554.69,-60.1729
18569.95,-58.6655
18585.21,-59.0601
18600.46,-60.244
18615.72,-59.8739
18630.98,-59.1263
18646.24,-60.0234
18661.5,-59.4351
18676.76,-60.0136
18692.02,-59.9695
18707.28,-59.2145
18722.53,-58.7611
18737.79,-59.5626
18753.05,-58.842
18768.31,-58.8321
18783.57,-58.94
18798.83,-59.5748
18814.09,-59.7611
18829.35,-58.9523
18844.6,-59.7758
18859.86,-59.0184
18875.12,-58.1091
18890.38,-58.2978
18905.64,-57.9203
18920.9,-58.8199
18936.16,-59.5332
18951.42,-60.2268
18966.67,-59.6067
18981.93,-59.5626
18997.19,-59.2341
19012.45,-59.7415
19027.71,-59.4008
19042.97,-59.6557
19058.23,-59.2317
19073.49,-59.3052
19088.75,-59.0258
19104,-59.6386
19119.26,-59.3199
19134.52,-59.1729
19149.78,-59.315
19165.04,-59.4523
19180.3,-58.9057
19195.56,-59.4547
19210.82,-59.2317
19226.07,-59.3837
19241.33,-58.913
19256.59,-59.038
19271.85,-59.3248
19287.11,-60.0259
19302.37,-59.5699
19317.63,-59.1238
19332.89,-59.945
19348.14,-59.6092
19363.4,-59.7758
19378.66,-59.9646
19393.92,-59.3542
19409.18,-59.2832
19424.44,-59.3028
19439.7,-59.0111
19454.96,-59.4743
19470.21,-59.6018
19485.47,-59.565
19500.73,-60.1631
19515.99,-60.168
19531.25,-59.7636
19546.51,-58.7366
19561.77,-59.3738
19577.03,-59.5307
19592.29,-58.9375
19607.54,-58.8469
19622.8,-59.3101
19638.06,-59.2832
19653.32,-59.016
19668.58,-60.119
19683.84,-59.5234
19699.1,-59.9523
19714.36,-59.6141
19729.61,-58.7905
19744.87,-59.3591
19760.13,-59.0135
19775.39,-59.8249
19790.65,-59.5185
19805.91,-59.8347
19821.17,-59.7415
19836.43,-59.6312
19851.68,-59.6876
19866.94,-59.8052
19882.2,-59.592
19897.46,-59.0184
19912.72,-60.5528
19927.98,-59.8298
19943.24,-59.2243
19958.5,-58.989
19973.75,-59.516
19989.01,-59.1312
20004.27,-60.146
20019.53,-59.6974
20034.79,-58.7341
20050.05,-59.1974
20065.31,-59.8469
20080.57,-59.1263
20095.83,-59.0552
20111.08,-59.0675
20126.34,-59.1483
20141.6,-60.1435
20156.86,-58.8248
20172.12,-58.9326
20187.38,-59.9254
20202.64,-59.3346
20217.9,-58.5748
20233.15,-59.3689
20248.41,-58.7169
20263.67,-59.2685
20278.93,-59.168
20294.19,-58.9792
20309.45,-59.239
20324.71,-59.494
20339.97,-59.2488
20355.22,-59.2881
20370.48,-59.5209
20385.74,-58.6557
20401,-59.1434
20416.26,-59.1532
20431.52,-60.1239
20446.78,-60.5038
20462.04,-59.4498
20477.29,-60.4082
20492.55,-59.0601
20507.81,-59.6778
20523.07,-59.9008
20538.33,-60.0259
20553.59,-59.5846
20568.85,-59.141
20584.11,-59.6974
20599.37,-58.8665
20614.62,-59.3493
20629.88,-59.9033
20645.14,-59.0626
20660.4,-58.967
20675.66,-59.8837
20690.92,-59.1287
20706.18,-59.3273
20721.44,-58.4081
20736.69,-58.8199
20751.95,-58.8444
20767.21,-59.1581
20782.47,-59.0013
20797.73,-59.2709
20812.99,-59.0601
20828.25,-58.9694
20843.51,-58.8346
20858.76,-59.0822
20874.02,-59.1312
20889.28,-59.4131
20904.54,-59.2783
20919.8,-59.4547
20935.06,-60.0945
20950.32,-60.0479
20965.58,-59.7709
20980.83,-60.146
20996.09,-59.3199
21011.35,-59.918
21026.61,-59.5797
21041.87,-58.7071
21057.13,-59.8886
21072.39,-59.6484
21087.65,-59.6337
21102.91,-59.7244
21118.16,-59.3616
21133.42,-59.1778
21148.68,-59.44
21163.94,-59.4964
21179.2,-59.5307
21194.46,-59.6214
21209.72,-59.2488
21224.98,-59.3837
21240.23,-58.8591
21255.49,-58.8861
21270.75,-59.364
21286.01,-58.9523
21301.27,-59.1385
21316.53,-58.2855
21331.79,-58.9964
21347.05,-59.3248
21362.3,-59.3199
21377.56,-59.4376
21392.82,-59.7758
21408.08,-60.3053
21423.34,-59.6165
21438.6,-58.94
21453.86,-59.1361
21469.12,-59.141
21484.38,-58.8469
21499.63,-59.9499
21514.89,-59.9205
21530.15,-59.5283
21545.41,-58.7292
21560.67,-59.7562
21575.93,-59.3126
21591.19,-59.4719
21606.45,-60.4156
21621.7,-59.3714
21636.96,-61.0945
21652.22,-59.3567
21667.48,-60.0283
21682.74,-59.239
21698,-58.5723
21713.26,-59.4645
21728.52,-58.9081
21743.77,-58.8689
21759.03,-59.1532
21774.29,-59.4302
21789.55,-58.7022
21804.81,-59.3493
21820.07,-59.5454
21835.33,-59.5626
21850.59,-59.7611
21865.84,-58.8101
21881.1,-59.4425
21896.36,-58.891
21911.62,-60.4009
21926.88,-60.3445
21942.14,-59.8739
21957.4,-58.6557
21972.66,-60.2636
21987.92,-58.8052
22003.17,-59.592
22018.43,-59.5797
22033.69,-59.7856
22048.95,-59.8665
22064.21,-59.1385
22079.47,-59.7734
22094.73,-59.364
22109.99,-59.5136
22125.24,-59.4596
22140.5,-59.4596
22155.76,-58.6851
22171.02,-59.0871
22186.28,-58.9375
22201.54,-59.6876
22216.8,-58.8371
22232.06,-59.6116
22247.31,-59.2881
22262.57,-59.2954
22277.83,-59.239
22293.09,-59.0528
22308.35,-59.7636
22323.61,-59.141
22338.87,-58.9719
22354.13,-59.8175
22369.38,-59.5895
22384.64,-60.7073
22399.9,-60.0332
22415.16,-59.2366
22430.42,-59.7317
22445.68,-59.9989
22460.94,-59.9156
22476.2,-59.7758
22491.46,-58.8885
22506.71,-58.386
22521.97,-59.9401
22537.23,-59.7415
22552.49,-58.9474
22567.75,-59.494
