LECROYWR44Xi,13218,Waveform
Segments,1,SegmentSize,1295
Segment,TrigTime,TimeSinceSegment1
#1,15-Jul-2010 15:04:51,0                 
Time,Ampl
0,-143.979
0.07629395,-143.979
0.1525879,-143.979
0.2288818,-143.979
0.3051758,-143.979
0.3814697,-143.979
0.4577637,-143.979
0.5340576,-143.979
0.6103516,-143.979
0.6866455,-143.979
0.7629395,-143.979
0.8392334,-143.979
0.9155273,-143.979
0.9918213,-143.979
1.068115,-143.979
1.144409,-143.979
1.220703,-143.979
1.296997,-143.979
1.373291,-143.979
1.449585,-143.979
1.525879,-143.979
1.602173,-143.979
1.678467,-143.979
1.754761,-143.979
1.831055,-143.979
1.907349,-143.979
1.983643,-143.979
2.059937,-143.979
2.13623,-143.979
2.212524,-143.979
2.288818,-143.979
2.365112,-143.979
2.441406,-143.979
2.5177,-143.979
2.593994,-143.979
2.670288,-143.979
2.746582,-143.979
2.822876,-143.979
2.89917,-143.979
2.975464,-143.979
3.051758,-143.979
3.128052,-143.979
3.204346,-143.979
3.28064,-143.979
3.356934,-143.979
3.433228,-143.979
3.509521,-143.979
3.585815,-143.979
3.662109,-143.979
3.738403,-143.979
3.814697,-143.979
3.890991,-143.979
3.967285,-143.979
4.043579,-143.979
4.119873,-143.979
4.196167,-143.979
4.272461,-143.979
4.348755,-143.979
4.425049,-143.979
4.501343,-143.979
4.577637,-143.979
4.653931,-143.979
4.730225,-143.979
4.806519,-143.979
4.882813,-143.979
4.959106,-143.979
5.0354,-143.979
5.111694,-143.979
5.187988,-143.979
5.264282,-143.979
5.340576,-143.979
5.41687,-143.979
5.493164,-143.979
5.569458,-143.979
5.645752,-143.979
5.722046,-143.979
5.79834,-143.979
5.874634,-143.979
5.950928,-143.979
6.027222,-143.979
6.103516,-143.979
6.17981,-143.979
6.256104,-143.979
6.332397,-143.979
6.408691,-143.979
6.484985,-143.979
6.561279,-143.979
6.637573,-143.979
6.713867,-143.979
6.790161,-143.979
6.866455,-143.979
6.942749,-143.979
7.019043,-143.979
7.095337,-143.979
7.171631,-143.979
7.247925,-143.979
7.324219,-143.979
7.400513,-143.979
7.476807,-143.979
7.553101,-143.979
7.629395,-143.979
7.705688,-143.979
7.781982,-143.979
7.858276,-143.979
7.93457,-143.979
8.010864,-143.979
8.087158,-143.979
8.163452,-143.979
8.239746,-143.979
8.31604,-143.979
8.392334,-143.979
8.468628,-143.979
8.544922,-143.979
8.621216,-143.979
8.69751,-143.979
8.773804,-143.979
8.850098,-143.979
8.926392,-143.979
9.002686,-143.979
9.078979,-143.979
9.155273,-143.979
9.231567,-143.979
9.307861,-143.979
9.384155,-143.979
9.460449,-143.979
9.536743,-143.979
9.613037,-143.979
9.689331,-143.979
9.765625,-143.979
9.841919,-143.979
9.918213,-143.979
9.994507,-143.979
10.0708,-143.979
10.14709,-143.979
10.22339,-143.979
10.29968,-143.979
10.37598,-143.979
10.45227,-143.979
10.52856,-143.979
10.60486,-143.979
10.68115,-143.979
10.75745,-143.979
10.83374,-143.979
10.91003,-143.979
10.98633,-143.979
11.06262,-143.979
11.13892,-143.979
11.21521,-143.979
11.2915,-143.979
11.3678,-143.979
11.44409,-143.979
11.52039,-143.979
11.59668,-143.979
11.67297,-143.979
11.74927,-143.979
11.82556,-143.979
11.90186,-143.979
11.97815,-143.979
12.05444,-143.979
12.13074,-143.979
12.20703,-143.979
12.28333,-143.979
12.35962,-143.979
12.43591,-143.979
12.51221,-143.979
12.5885,-143.979
12.66479,-143.979
12.74109,-143.979
12.81738,-143.979
12.89368,-143.979
12.96997,-143.979
13.04626,-143.979
13.12256,-143.979
13.19885,-143.979
13.27515,-143.979
13.35144,-143.979
13.42773,-143.979
13.50403,-143.979
13.58032,-143.979
13.65662,-143.979
13.73291,-143.979
13.8092,-143.979
13.8855,-143.979
13.96179,-143.979
14.03809,-143.979
14.11438,-143.979
14.19067,-143.979
14.26697,-143.979
14.34326,-143.979
14.41956,-143.979
14.49585,-143.979
14.57214,-143.979
14.64844,-143.979
14.72473,-143.979
14.80103,-143.979
14.87732,-143.979
14.95361,-143.979
15.02991,-143.979
15.1062,-143.979
15.1825,-143.979
15.25879,-143.979
15.33508,-143.979
15.41138,-143.979
15.48767,-143.979
15.56396,-143.979
15.64026,-143.979
15.71655,-143.979
15.79285,-143.979
15.86914,-143.979
15.94543,-143.979
16.02173,-143.979
16.09802,-143.979
16.17432,-143.979
16.25061,-143.979
16.3269,-143.979
16.4032,-143.979
16.47949,-143.979
16.55579,-143.979
16.63208,-143.979
16.70837,-143.979
16.78467,-143.979
16.86096,-143.979
16.93726,-143.979
17.01355,-143.979
17.08984,-143.979
17.16614,-143.979
17.24243,-143.979
17.31873,-143.979
17.39502,-143.979
17.47131,-143.979
17.54761,-143.979
17.6239,-143.979
17.7002,-143.979
17.77649,-143.979
17.85278,-143.979
17.92908,-143.979
18.00537,-143.979
18.08167,-143.979
18.15796,-143.979
18.23425,-143.979
18.31055,-143.979
18.38684,-143.979
18.46313,-143.979
18.53943,-143.979
18.61572,-143.979
18.69202,-143.979
18.76831,-143.979
18.8446,-143.979
18.9209,-143.979
18.99719,-143.979
19.07349,-143.979
19.14978,-143.979
19.22607,-143.979
19.30237,-143.979
19.37866,-143.979
19.45496,-143.979
19.53125,-143.979
19.60754,-143.979
19.68384,-143.979
19.76013,-143.979
19.83643,-143.979
19.91272,-143.979
19.98901,-143.979
20.06531,-143.979
20.1416,-143.979
20.2179,-143.979
20.29419,-143.979
20.37048,-143.979
20.44678,-143.979
20.52307,-143.979
20.59937,-143.979
20.67566,-143.979
20.75195,-143.979
20.82825,-143.979
20.90454,-143.979
20.98083,-143.979
21.05713,-143.979
21.13342,-143.979
21.20972,-143.979
21.28601,-143.979
21.3623,-143.979
21.4386,-143.979
21.51489,-143.979
21.59119,-143.979
21.66748,-143.979
21.74377,-143.979
21.82007,-143.979
21.89636,-143.979
21.97266,-143.979
22.04895,-143.979
22.12524,-143.979
22.20154,-143.979
22.27783,-143.979
22.35413,-143.979
22.43042,-143.979
22.50671,-143.979
22.58301,-143.979
22.6593,-143.979
22.7356,-143.979
22.81189,-143.979
22.88818,-143.979
22.96448,-143.979
23.04077,-143.979
23.11707,-143.979
23.19336,-143.979
23.26965,-143.979
23.34595,-143.979
23.42224,-143.979
23.49854,-143.979
23.57483,-143.979
23.65112,-143.979
23.72742,-143.979
23.80371,-143.979
23.88,-143.979
23.9563,-143.979
24.03259,-143.979
24.10889,-143.979
24.18518,-143.979
24.26147,-143.979
24.33777,-143.979
24.41406,-143.979
24.49036,-143.979
24.56665,-143.979
24.64294,-143.979
24.71924,-143.979
24.79553,-143.979
24.87183,-143.979
24.94812,-143.979
25.02441,-143.979
25.10071,-143.979
25.177,-143.979
25.2533,-143.979
25.32959,-143.979
25.40588,-143.979
25.48218,-143.979
25.55847,-143.979
25.63477,-143.979
25.71106,-143.979
25.78735,-143.979
25.86365,-143.979
25.93994,-143.979
26.01624,-143.979
26.09253,-143.979
26.16882,-143.979
26.24512,-143.979
26.32141,-143.979
26.39771,-143.979
26.474,-143.979
26.55029,-143.979
26.62659,-143.979
26.70288,-143.979
26.77917,-143.979
26.85547,-143.979
26.93176,-143.979
27.00806,-143.979
27.08435,-143.979
27.16064,-143.979
27.23694,-143.979
27.31323,-143.979
27.38953,-143.979
27.46582,-143.979
27.54211,-143.979
27.61841,-143.979
27.6947,-143.979
27.771,-143.979
27.84729,-143.979
27.92358,-143.979
27.99988,-143.979
28.07617,-143.979
28.15247,-143.979
28.22876,-143.979
28.30505,-143.979
28.38135,-143.979
28.45764,-143.979
28.53394,-143.979
28.61023,-143.979
28.68652,-143.979
28.76282,-143.979
28.83911,-143.979
28.91541,-143.979
28.9917,-143.979
29.06799,-143.979
29.14429,-143.979
29.22058,-143.979
29.29688,-143.979
29.37317,-143.979
29.44946,-143.979
29.52576,-143.979
29.60205,-143.979
29.67834,-143.979
29.75464,-143.979
29.83093,-143.979
29.90723,-143.979
29.98352,-143.979
30.05981,-143.979
30.13611,-143.979
30.2124,-143.979
30.2887,-143.979
30.36499,-143.979
30.44128,-143.979
30.51758,-143.979
30.59387,-143.979
30.67017,-143.979
30.74646,-143.979
30.82275,-143.979
30.89905,-143.979
30.97534,-143.979
31.05164,-143.979
31.12793,-143.979
31.20422,-143.979
31.28052,-143.979
31.35681,-143.979
31.43311,-143.979
31.5094,-143.979
31.58569,-143.979
31.66199,-143.979
31.73828,-143.979
31.81458,-143.979
31.89087,-143.979
31.96716,-143.979
32.04346,-143.979
32.11975,-143.979
32.19604,-143.979
32.27234,-143.979
32.34863,-143.979
32.42493,-143.979
32.50122,-143.979
32.57751,-143.979
32.65381,-143.979
32.7301,-143.979
32.8064,-143.979
32.88269,-143.979
32.95898,-143.979
33.03528,-143.979
33.11157,-143.979
33.18787,-143.979
33.26416,-143.979
33.34045,-143.979
33.41675,-143.979
33.49304,-143.979
33.56934,-143.979
33.64563,-143.979
33.72192,-143.979
33.79822,-143.979
33.87451,-143.979
33.95081,-143.979
34.0271,-143.979
34.10339,-143.979
34.17969,-143.979
34.25598,-143.979
34.33228,-143.979
34.40857,-143.979
34.48486,-143.979
34.56116,-143.979
34.63745,-143.979
34.71375,-143.979
34.79004,-143.979
34.86633,-143.979
34.94263,-143.979
35.01892,-143.979
35.09521,-143.979
35.17151,-143.979
35.2478,-143.979
35.3241,-143.979
35.40039,-143.979
35.47668,-143.979
35.55298,-143.979
35.62927,-143.979
35.70557,-143.979
35.78186,-143.979
35.85815,-143.979
35.93445,-143.979
36.01074,-143.979
36.08704,-143.979
36.16333,-143.979
36.23962,-143.979
36.31592,-143.979
36.39221,-143.979
36.46851,-143.979
36.5448,-143.979
36.62109,-143.979
36.69739,-143.979
36.77368,-143.979
36.84998,-143.979
36.92627,-143.979
37.00256,-143.979
37.07886,-143.979
37.15515,-143.979
37.23145,-143.979
37.30774,-143.979
37.38403,-143.979
37.46033,-143.979
37.53662,-143.979
37.61292,-143.979
37.68921,-143.979
37.7655,-143.979
37.8418,-143.979
37.91809,-143.979
37.99438,-143.979
38.07068,-143.979
38.14697,-143.979
38.22327,-143.979
38.29956,-143.979
38.37585,-143.979
38.45215,-143.979
38.52844,-143.979
38.60474,-143.979
38.68103,-143.979
38.75732,-143.979
38.83362,-143.979
38.90991,-143.979
38.98621,-143.979
39.0625,-143.979
39.13879,-143.979
39.21509,-143.979
39.29138,-143.979
39.36768,-143.979
39.44397,-143.979
39.52026,-143.979
39.59656,-143.979
39.67285,-143.979
39.74915,-143.979
39.82544,-143.979
39.90173,-143.979
39.97803,-143.979
40.05432,-143.979
40.13062,-143.979
40.20691,-143.979
40.2832,-143.979
40.3595,-143.979
40.43579,-143.979
40.51208,-143.979
40.58838,-143.979
40.66467,-143.979
40.74097,-143.979
40.81726,-143.979
40.89355,-143.979
40.96985,-143.979
41.04614,-143.979
41.12244,-143.979
41.19873,-143.979
41.27502,-143.979
41.35132,-143.979
41.42761,-143.979
41.50391,-143.979
41.5802,-143.979
41.65649,-143.979
41.73279,-143.979
41.80908,-143.979
41.88538,-143.979
41.96167,-143.979
42.03796,-143.979
42.11426,-143.979
42.19055,-143.979
42.26685,-143.979
42.34314,-143.979
42.41943,-143.979
42.49573,-143.979
42.57202,-143.979
42.64832,-143.979
42.72461,-143.979
42.8009,-143.979
42.8772,-143.979
42.95349,-143.979
43.02979,-143.979
43.10608,-143.979
43.18237,-143.979
43.25867,-143.979
43.33496,-143.979
43.41125,-143.979
43.48755,-143.979
43.56384,-143.979
43.64014,-143.979
43.71643,-143.979
43.79272,-143.979
43.86902,-143.979
43.94531,-143.979
44.02161,-143.979
44.0979,-143.979
44.17419,-143.979
44.25049,-143.979
44.32678,-143.979
44.40308,-143.979
44.47937,-143.979
44.55566,-143.979
44.63196,-143.979
44.70825,-143.979
44.78455,-143.979
44.86084,-143.979
44.93713,-143.979
45.01343,-143.979
45.08972,-143.979
45.16602,-143.979
45.24231,-143.979
45.3186,-143.979
45.3949,-143.979
45.47119,-143.979
45.54749,-143.979
45.62378,-143.979
45.70007,-143.979
45.77637,-143.979
45.85266,-143.979
45.92896,-143.979
46.00525,-143.979
46.08154,-143.979
46.15784,-143.979
46.23413,-143.979
46.31042,-143.979
46.38672,-143.979
46.46301,-143.979
46.53931,-143.979
46.6156,-143.979
46.69189,-143.979
46.76819,-143.979
46.84448,-143.979
46.92078,-143.979
46.99707,-143.979
47.07336,-143.979
47.14966,-143.979
47.22595,-143.979
47.30225,-143.979
47.37854,-143.979
47.45483,-143.979
47.53113,-143.979
47.60742,-143.979
47.68372,-143.979
47.76001,-143.979
47.8363,-143.979
47.9126,-143.979
47.98889,-143.979
48.06519,-143.979
48.14148,-143.979
48.21777,-143.979
48.29407,-143.979
48.37036,-143.979
48.44666,-143.979
48.52295,-143.979
48.59924,-143.979
48.67554,-143.979
48.75183,-143.979
48.82813,-143.979
48.90442,-143.979
48.98071,-143.979
49.05701,-143.979
49.1333,-143.979
49.20959,-143.979
49.28589,-143.979
49.36218,-143.979
49.43848,-143.979
49.51477,-143.979
49.59106,-143.979
49.66736,-143.979
49.74365,-143.979
49.81995,-143.979
49.89624,-143.979
49.97253,-143.979
50.04883,-143.979
50.12512,-143.979
50.20142,-143.979
50.27771,-143.979
50.354,-143.979
50.4303,-143.979
50.50659,-143.979
50.58289,-143.979
50.65918,-143.979
50.73547,-143.979
50.81177,-143.979
50.88806,-143.979
50.96436,-143.979
51.04065,-143.979
51.11694,-143.979
51.19324,-143.979
51.26953,-143.979
51.34583,-143.979
51.42212,-143.979
51.49841,-143.979
51.57471,-143.979
51.651,-143.979
51.72729,-143.979
51.80359,-143.979
51.87988,-143.979
51.95618,-143.979
52.03247,-143.979
52.10876,-143.979
52.18506,-143.979
52.26135,-143.979
52.33765,-143.979
52.41394,-143.979
52.49023,-143.979
52.56653,-143.979
52.64282,-143.979
52.71912,-143.979
52.79541,-143.979
52.8717,-143.979
52.948,-143.979
53.02429,-143.979
53.10059,-143.979
53.17688,-143.979
53.25317,-143.979
53.32947,-143.979
53.40576,-143.979
53.48206,-143.979
53.55835,-143.979
53.63464,-143.979
53.71094,-143.979
53.78723,-143.979
53.86353,-143.979
53.93982,-143.979
54.01611,-143.979
54.09241,-143.979
54.1687,-143.979
54.245,-143.979
54.32129,-143.979
54.39758,-143.979
54.47388,-143.979
54.55017,-143.979
54.62646,-143.979
54.70276,-143.979
54.77905,-143.979
54.85535,-143.979
54.93164,-143.979
55.00793,-143.979
55.08423,-143.979
55.16052,-143.979
55.23682,-143.979
55.31311,-143.979
55.3894,-143.979
55.4657,-143.979
55.54199,-143.979
55.61829,-143.979
55.69458,-143.979
55.77087,-143.979
55.84717,-143.979
55.92346,-143.979
55.99976,-143.979
56.07605,-143.979
56.15234,-143.979
56.22864,-143.979
56.30493,-143.979
56.38123,-143.979
56.45752,-143.979
56.53381,-143.979
56.61011,-143.979
56.6864,-143.979
56.7627,-143.979
56.83899,-143.979
56.91528,-143.979
56.99158,-143.979
57.06787,-143.979
57.14417,-143.979
57.22046,-143.979
57.29675,-143.979
57.37305,-143.979
57.44934,-143.979
57.52563,-143.979
57.60193,-143.979
57.67822,-143.979
57.75452,-143.979
57.83081,-143.979
57.9071,-143.979
57.9834,-143.979
58.05969,-143.979
58.13599,-143.979
58.21228,-143.979
58.28857,-143.979
58.36487,-143.979
58.44116,-143.979
58.51746,-143.979
58.59375,-143.979
58.67004,-143.979
58.74634,-143.979
58.82263,-143.979
58.89893,-143.979
58.97522,-143.979
59.05151,-143.979
59.12781,-143.979
59.2041,-143.979
59.2804,-143.979
59.35669,-143.979
59.43298,-143.979
59.50928,-143.979
59.58557,-143.979
59.66187,-143.979
59.73816,-143.979
59.81445,-143.979
59.89075,-143.979
59.96704,-143.979
60.04333,-143.979
60.11963,-143.979
60.19592,-143.979
60.27222,-143.979
60.34851,-143.979
60.4248,-143.979
60.5011,-143.979
60.57739,-143.979
60.65369,-143.979
60.72998,-143.979
60.80627,-143.979
60.88257,-143.979
60.95886,-143.979
61.03516,-143.979
61.11145,-143.979
61.18774,-143.979
61.26404,-143.979
61.34033,-143.979
61.41663,-143.979
61.49292,-143.979
61.56921,-143.979
61.64551,-143.979
61.7218,-143.979
61.7981,-143.979
61.87439,-143.979
61.95068,-143.979
62.02698,-143.979
62.10327,-143.979
62.17957,-143.979
62.25586,-143.979
62.33215,-143.979
62.40845,-143.979
62.48474,-143.979
62.56104,-143.979
62.63733,-143.979
62.71362,-143.979
62.78992,-143.979
62.86621,-143.979
62.9425,-143.979
63.0188,-143.979
63.09509,-143.979
63.17139,-143.979
63.24768,-143.979
63.32397,-143.979
63.40027,-143.979
63.47656,-143.979
63.55286,-143.979
63.62915,-143.979
63.70544,-143.979
63.78174,-143.979
63.85803,-143.979
63.93433,-143.979
64.01062,-143.979
64.08691,-143.979
64.16321,-143.979
64.2395,-143.979
64.3158,-143.979
64.39209,-143.979
64.46838,-143.979
64.54468,-143.979
64.62097,-143.979
64.69727,-143.979
64.77356,-143.979
64.84985,-143.979
64.92615,-143.979
65.00244,-143.979
65.07874,-143.979
65.15503,-143.979
65.23132,-143.979
65.30762,-143.979
65.38391,-143.979
65.46021,-143.979
65.5365,-143.979
65.61279,-143.979
65.68909,-143.979
65.76538,-143.979
65.84167,-143.979
65.91797,-143.979
65.99426,-143.979
66.07056,-143.979
66.14685,-143.979
66.22314,-143.979
66.29944,-143.979
66.37573,-143.979
66.45203,-143.979
66.52832,-143.979
66.60461,-143.979
66.68091,-143.979
66.7572,-143.979
66.8335,-143.979
66.90979,-143.979
66.98608,-143.979
67.06238,-143.979
67.13867,-143.979
67.21497,-143.979
67.29126,-143.979
67.36755,-143.979
67.44385,-143.979
67.52014,-143.979
67.59644,-143.979
67.67273,-143.979
67.74902,-143.979
67.82532,-143.979
67.90161,-143.979
67.97791,-143.979
68.0542,-143.979
68.13049,-143.979
68.20679,-143.979
68.28308,-143.979
68.35938,-143.979
68.43567,-143.979
68.51196,-143.979
68.58826,-143.979
68.66455,-143.979
68.74084,-143.979
68.81714,-143.979
68.89343,-143.979
68.96973,-143.979
69.04602,-143.979
69.12231,-143.979
69.19861,-143.979
69.2749,-143.979
69.3512,-143.979
69.42749,-143.979
69.50378,-143.979
69.58008,-143.979
69.65637,-143.979
69.73267,-143.979
69.80896,-143.979
69.88525,-143.979
69.96155,-143.979
70.03784,-143.979
70.11414,-143.979
70.19043,-143.979
70.26672,-143.979
70.34302,-143.979
70.41931,-143.979
70.49561,-143.979
70.5719,-143.979
70.64819,-143.979
70.72449,-143.979
70.80078,-143.979
70.87708,-143.979
70.95337,-143.979
71.02966,-143.979
71.10596,-143.979
71.18225,-143.979
71.25854,-143.979
71.33484,-143.979
71.41113,-143.979
71.48743,-143.979
71.56372,-143.979
71.64001,-143.979
71.71631,-143.979
71.7926,-143.979
71.8689,-143.979
71.94519,-143.979
72.02148,-143.979
72.09778,-143.979
72.17407,-143.979
72.25037,-143.979
72.32666,-143.979
72.40295,-143.979
72.47925,-143.979
72.55554,-143.979
72.63184,-143.979
72.70813,-143.979
72.78442,-143.979
72.86072,-143.979
72.93701,-143.979
73.01331,-143.979
73.0896,-143.979
73.16589,-143.979
73.24219,-143.979
73.31848,-143.979
73.39478,-143.979
73.47107,-143.979
73.54736,-143.979
73.62366,-143.979
73.69995,-143.979
73.77625,-143.979
73.85254,-143.979
73.92883,-143.979
74.00513,-143.979
74.08142,-143.979
74.15771,-143.979
74.23401,-143.979
74.3103,-143.979
74.3866,-143.979
74.46289,-143.979
74.53918,-143.979
74.61548,-143.979
74.69177,-143.979
74.76807,-143.979
74.84436,-143.979
74.92065,-143.979
74.99695,-143.979
75.07324,-143.979
75.14954,-143.979
75.22583,-143.979
75.30212,-143.979
75.37842,-143.979
75.45471,-143.979
75.53101,-143.979
75.6073,-143.979
75.68359,-143.979
75.75989,-143.979
75.83618,-143.979
75.91248,-143.979
75.98877,-143.979
76.06506,-143.979
76.14136,-143.979
76.21765,-143.979
76.29395,-143.979
76.37024,-143.979
76.44653,-143.979
76.52283,-143.979
76.59912,-143.979
76.67542,-143.979
76.75171,-143.979
76.828,-143.979
76.9043,-143.979
76.98059,-143.979
77.05688,-143.979
77.13318,-143.979
77.20947,-143.979
77.28577,-143.979
77.36206,-143.979
77.43835,-143.979
77.51465,-143.979
77.59094,-143.979
77.66724,-143.979
77.74353,-143.979
77.81982,-143.979
77.89612,-143.979
77.97241,-143.979
78.04871,-143.979
78.125,-143.979
78.20129,-143.979
78.27759,-143.979
78.35388,-143.979
78.43018,-143.979
78.50647,-143.979
78.58276,-143.979
78.65906,-143.979
78.73535,-143.979
78.81165,-143.979
78.88794,-143.979
78.96423,-143.979
79.04053,-143.979
79.11682,-143.979
79.19312,-143.979
79.26941,-143.979
79.3457,-143.979
79.422,-143.979
79.49829,-143.979
79.57458,-143.979
79.65088,-143.979
79.72717,-143.979
79.80347,-143.979
79.87976,-143.979
79.95605,-143.979
80.03235,-143.979
80.10864,-143.979
80.18494,-143.979
80.26123,-143.979
80.33752,-143.979
80.41382,-143.979
80.49011,-143.979
80.56641,-143.979
80.6427,-143.979
80.71899,-143.979
80.79529,-143.979
80.87158,-143.979
80.94788,-143.979
81.02417,-143.979
81.10046,-143.979
81.17676,-143.979
81.25305,-143.979
81.32935,-143.979
81.40564,-143.979
81.48193,-143.979
81.55823,-143.979
81.63452,-143.979
81.71082,-143.979
81.78711,-143.979
81.8634,-143.979
81.9397,-143.979
82.01599,-143.979
82.09229,-143.979
82.16858,-143.979
82.24487,-143.979
82.32117,-143.979
82.39746,-143.979
82.47375,-143.979
82.55005,-143.979
82.62634,-143.979
82.70264,-143.979
82.77893,-143.979
82.85522,-143.979
82.93152,-143.979
83.00781,-143.979
83.08411,-143.979
83.1604,-143.979
83.23669,-143.979
83.31299,-143.979
83.38928,-143.979
83.46558,-143.979
83.54187,-143.979
83.61816,-143.979
83.69446,-143.979
83.77075,-143.979
83.84705,-143.979
83.92334,-143.979
83.99963,-143.979
84.07593,-143.979
84.15222,-143.979
84.22852,-143.979
84.30481,-143.979
84.3811,-143.979
84.4574,-143.979
84.53369,-143.979
84.60999,-143.979
84.68628,-143.979
84.76257,-143.979
84.83887,-143.979
84.91516,-143.979
84.99146,-143.979
85.06775,-143.979
85.14404,-143.979
85.22034,-143.979
85.29663,-143.979
85.37292,-143.979
85.44922,-143.979
85.52551,-143.979
85.60181,-143.979
85.6781,-143.979
85.75439,-143.979
85.83069,-143.979
85.90698,-143.979
85.98328,-143.979
86.05957,-143.979
86.13586,-143.979
86.21216,-143.979
86.28845,-143.979
86.36475,-143.979
86.44104,-143.979
86.51733,-143.979
86.59363,-143.979
86.66992,-143.979
86.74622,-143.979
86.82251,-143.979
86.8988,-143.979
86.9751,-143.979
87.05139,-143.979
87.12769,-143.979
87.20398,-143.979
87.28027,-143.979
87.35657,-143.979
87.43286,-143.979
87.50916,-143.979
87.58545,-143.979
87.66174,-143.979
87.73804,-143.979
87.81433,-143.979
87.89063,-143.979
87.96692,-143.979
88.04321,-143.979
88.11951,-143.979
88.1958,-143.979
88.27209,-143.979
88.34839,-143.979
88.42468,-143.979
88.50098,-143.979
88.57727,-143.979
88.65356,-143.979
88.72986,-143.979
88.80615,-143.979
88.88245,-143.979
88.95874,-143.979
89.03503,-143.979
89.11133,-143.979
89.18762,-143.979
89.26392,-143.979
89.34021,-143.979
89.4165,-143.979
89.4928,-143.979
89.56909,-143.979
89.64539,-143.979
89.72168,-143.979
89.79797,-143.979
89.87427,-143.979
89.95056,-143.979
90.02686,-143.979
90.10315,-143.979
90.17944,-143.979
90.25574,-143.979
90.33203,-143.979
90.40833,-143.979
90.48462,-143.979
90.56091,-143.979
90.63721,-143.979
90.7135,-143.979
90.78979,-143.979
90.86609,-143.979
90.94238,-143.979
91.01868,-143.979
91.09497,-143.979
91.17126,-143.979
91.24756,-143.979
91.32385,-143.979
91.40015,-143.979
91.47644,-143.979
91.55273,-143.979
91.62903,-143.979
91.70532,-143.979
91.78162,-143.979
91.85791,-143.979
91.9342,-143.979
92.0105,-143.979
92.08679,-143.979
92.16309,-143.979
92.23938,-143.979
92.31567,-143.979
92.39197,-143.979
92.46826,-143.979
92.54456,-143.979
92.62085,-143.979
92.69714,-143.979
92.77344,-143.979
92.84973,-143.979
92.92603,-143.979
93.00232,-143.979
93.07861,-143.979
93.15491,-143.979
93.2312,-143.979
93.3075,-143.979
93.38379,-143.979
93.46008,-143.979
93.53638,-143.979
93.61267,-143.979
93.68896,-143.979
93.76526,-143.979
93.84155,-143.979
93.91785,-143.979
93.99414,-143.979
94.07043,-143.979
94.14673,-143.979
94.22302,-143.979
94.29932,-143.979
94.37561,-143.979
94.4519,-143.979
94.5282,-143.979
94.60449,-143.979
94.68079,-143.979
94.75708,-143.979
94.83337,-143.979
94.90967,-143.979
94.98596,-143.979
95.06226,-143.979
95.13855,-143.979
95.21484,-143.979
95.29114,-143.979
95.36743,-143.979
95.44373,-143.979
95.52002,-143.979
95.59631,-143.979
95.67261,-143.979
95.7489,-143.979
95.8252,-143.979
95.90149,-143.979
95.97778,-143.979
96.05408,-143.979
96.13037,-143.979
96.20667,-143.979
96.28296,-143.979
96.35925,-143.979
96.43555,-143.979
96.51184,-143.979
96.58813,-143.979
96.66443,-143.979
96.74072,-143.979
96.81702,-143.979
96.89331,-143.979
96.9696,-143.979
97.0459,-143.979
97.12219,-143.979
97.19849,-143.979
97.27478,-143.979
97.35107,-143.979
97.42737,-143.979
97.50366,-143.979
97.57996,-143.979
97.65625,-143.979
97.73254,-143.979
97.80884,-143.979
97.88513,-143.979
97.96143,-143.979
98.03772,-143.979
98.11401,-143.979
98.19031,-143.979
98.2666,-143.979
98.3429,-143.979
98.41919,-143.979
98.49548,-143.979
98.57178,-143.979
98.64807,-143.979
98.72437,-143.979
