LECROYWR44Xi,13218,Waveform
Segments,1,SegmentSize,1477
Segment,TrigTime,TimeSinceSegment1
#1,15-Jul-2010 18:27:47,0                 
Time,Ampl
13.02246,63.7961
28.28125,2.64714
43.54004,5.01486
58.79883,5.15212
74.05762,4.34327
89.31641,7.412
104.5752,9.43167
119.834,4.08836
135.0928,10.1817
150.3516,2.73538
165.6104,7.80907
180.8691,5.20605
196.1279,7.04434
211.3867,7.20611
226.6455,9.47579
241.9043,16.9368
257.1631,5.40213
272.4219,13.7946
287.6807,7.28454
302.9395,7.51004
318.1982,11.2111
333.457,11.0837
348.7158,8.27967
363.9746,9.05421
379.2334,14.8975
394.4922,10.569
409.751,7.21591
425.0098,5.35311
440.2686,5.97078
455.5273,7.37768
470.7861,10.0444
486.0449,5.17663
501.3037,8.43164
516.5625,7.46102
531.8213,7.15709
547.0801,8.32379
562.3389,2.51479
577.5977,8.49537
592.8564,9.47579
608.1152,8.45615
623.374,6.42667
638.6328,7.52965
653.8916,7.10317
669.1504,7.84829
684.4092,10.1768
699.668,7.00022
714.9268,5.11781
730.1855,6.78453
745.4443,7.28945
760.7031,6.14235
775.9619,6.65707
791.2207,7.57867
806.4795,6.33353
821.7383,7.59338
836.9971,4.6423
852.2559,7.23062
867.5146,6.51981
882.7734,10.1376
898.0322,7.84829
913.291,10.3876
928.5498,10.0788
943.8086,8.04927
959.0674,13.3338
974.3262,5.81391
989.585,8.30418
1004.844,8.03947
1020.103,9.31892
1035.361,8.93656
1050.62,6.99042
1065.879,9.07382
1081.138,7.08356
1096.396,9.19147
1111.655,7.20611
1126.914,9.92678
1142.173,6.44138
1157.432,5.71097
1172.69,6.0345
1187.949,10.7601
1203.208,6.27471
1218.467,6.99042
1233.726,8.35321
1248.984,7.90221
1264.243,5.65214
1279.502,6.93159
1294.761,6.23549
1310.02,8.12281
1325.278,6.26
1340.537,6.60315
1355.796,6.40707
1371.055,7.01003
1386.313,6.40707
1401.572,4.81388
1416.831,10.1376
1432.09,6.4953
1447.349,5.20605
1462.607,6.4855
1477.866,6.0345
1493.125,11.0249
1508.384,5.73057
1523.643,7.47082
1538.901,6.43158
1554.16,6.09333
1569.419,10.0395
1584.678,11.569
1599.937,7.31886
1615.195,8.00025
1630.454,8.76008
1645.713,5.81391
1660.972,5.50998
1676.23,5.48057
1691.489,7.59338
1706.748,9.46599
1722.007,8.97577
1737.266,9.76011
1752.524,6.06392
1767.783,6.87767
1783.042,4.97565
1798.301,6.30902
1813.56,8.50517
1828.818,5.35801
1844.077,6.87767
1859.336,6.90218
1874.595,6.89238
1889.854,8.64243
1905.112,8.18653
1920.371,9.0444
1935.63,18.0594
1950.889,6.19137
1966.147,17.53
1981.406,8.98558
1996.665,7.95613
2011.924,8.64243
2027.183,12.7014
2042.441,6.74041
2057.7,6.27471
2072.959,5.43154
2088.218,9.7258
2103.477,7.67671
2118.735,7.00022
2133.994,7.70613
2149.253,6.18157
2164.512,9.0248
2179.771,8.02967
2195.029,5.96588
2210.288,7.15709
2225.547,6.99042
2240.806,8.38752
2256.064,7.66201
2271.323,5.31389
2286.582,10.5984
2301.841,12.4269
2317.1,6.45609
2332.358,5.51488
2347.617,5.04428
2362.876,4.90212
2378.135,7.6473
2393.394,7.93653
2408.652,6.77963
2423.911,7.24533
2439.17,7.8875
2454.429,6.85316
2469.688,8.52968
2484.946,8.75028
2500.205,8.27967
2515.464,9.19637
2530.723,8.32379
2545.981,7.38749
2561.24,6.08843
2576.499,8.02967
2591.758,9.54932
2607.017,8.85812
2622.275,6.22569
2637.534,7.94633
2652.793,7.54436
2668.052,7.69632
2683.311,8.76498
2698.569,9.48069
2713.828,8.99538
2729.087,15.3877
2744.346,9.10323
2759.604,6.51981
2774.863,6.53452
2790.122,5.46096
2805.381,9.68168
2820.64,8.59831
2835.898,6.51981
2851.157,8.23065
2866.416,8.41693
2881.675,8.26497
2896.934,8.70126
2912.192,7.55906
2927.451,6.36785
2942.71,7.62279
2957.969,18.8143
2973.228,7.06395
2988.486,9.57873
3003.745,5.5688
3019.004,9.0248
3034.263,9.77972
3049.521,7.01493
3064.78,8.41203
3080.039,9.88267
3095.298,11.721
3110.557,6.83355
3125.815,13.5249
3141.074,11.0886
3156.333,5.07859
3171.592,6.73061
3186.851,9.37775
3202.109,6.19137
3217.368,6.66198
3232.627,13.4661
3247.886,8.42184
3263.145,6.78943
3278.403,10.6082
3293.662,10.368
3308.921,8.38752
3324.18,11.1964
3339.438,8.48556
3354.697,6.78453
3369.956,6.9512
3385.215,9.05911
3400.474,7.39239
3415.732,8.37772
3430.991,7.99045
3446.25,6.79433
3461.509,5.11291
3476.768,13.3485
3492.026,17.6868
3507.285,9.37285
3522.544,8.71106
3537.803,7.8875
3553.062,8.13261
3568.32,9.35814
3583.579,6.62766
3598.838,7.80907
3614.097,11.667
3629.355,6.0198
3644.614,6.21098
3659.873,8.5689
3675.132,8.13261
3690.391,15.6623
3705.649,8.71596
3720.908,7.58357
3736.167,5.83842
3751.426,6.40707
3766.685,7.65711
3781.943,7.66691
3797.202,15.6328
3812.461,6.4757
3827.72,6.29922
3842.979,10.7356
3858.237,8.26987
3873.496,5.57371
3888.755,8.90224
3904.014,12.7063
3919.272,11.77
3934.531,7.8875
3949.79,8.59341
3965.049,7.02473
3980.308,10.7258
3995.566,8.97087
4010.825,9.93169
4026.084,8.02967
4041.343,5.95607
4056.602,7.93653
4071.86,8.74047
4087.119,7.23552
4102.378,5.87764
4117.637,8.54439
4132.896,9.86306
4148.154,7.11297
4163.413,7.1865
4178.672,8.99048
4193.931,15.1524
4209.189,6.57864
4224.448,8.07379
4239.707,13.0788
4254.966,6.51001
4270.225,11.8239
4285.483,8.60321
4300.742,8.84342
4316.001,7.23062
4331.26,8.02476
4346.519,7.05414
4361.777,6.4904
4377.036,9.85325
4392.295,6.28941
4407.554,8.30909
4422.813,14.123
4438.071,7.03944
4453.33,9.97581
4468.589,6.83845
4483.848,5.19624
4499.106,7.02963
4514.365,10.7552
4529.624,5.65214
4544.883,11.4072
4560.142,6.7159
4575.4,6.24039
4590.659,5.80901
4605.918,8.67184
4621.177,7.70122
4636.436,6.70609
4651.694,7.39239
4666.953,7.04434
4682.212,7.35317
4697.471,8.59831
4712.729,9.87776
4727.988,11.1572
4743.247,5.94627
4758.506,5.16193
4773.765,9.2552
4789.023,5.29919
4804.282,7.78456
4819.541,15.0789
4834.8,7.12768
4850.059,8.01496
4865.317,7.77476
4880.576,14.4465
4895.835,8.96107
4911.094,6.711
4926.353,6.63747
4941.611,6.92669
4956.87,7.76985
4972.129,8.02967
4987.388,4.93153
5002.646,5.41194
5017.905,14.8632
5033.164,9.24539
5048.423,6.90708
5063.682,7.33847
5078.94,6.90218
5094.199,5.3237
5109.458,12.1769
5124.717,6.27961
5139.976,12.7308
5155.234,7.26984
5170.493,6.4806
5185.752,6.90218
5201.011,5.29919
5216.27,8.92675
5231.528,7.91202
5246.787,8.84342
5262.046,13.3975
5277.305,9.58854
5292.563,6.23549
5307.822,11.8141
5323.081,6.4757
5338.34,8.18653
5353.599,9.31892
5368.857,7.4169
5384.116,5.80411
5399.375,7.28945
5414.634,8.54929
5429.893,5.29429
5445.151,10.9856
5460.41,7.01003
5475.669,10.5248
5490.928,7.65711
5506.187,5.75018
5521.445,8.76989
5536.704,7.76005
5551.963,9.87286
5567.222,12.1818
5582.48,5.60312
5597.739,6.31393
5612.998,5.90215
5628.257,6.81884
5643.516,10.9072
5658.774,7.95123
5674.033,8.26497
5689.292,5.85313
5704.551,11.1621
5719.81,6.38256
5735.068,7.26494
5750.327,8.3434
5765.586,10.7552
5780.845,5.99039
5796.104,10.1327
5811.362,6.12274
5826.621,6.22079
5841.88,10.1425
5857.139,9.08852
5872.397,11.5788
5887.656,6.90708
5902.915,8.5738
5918.174,6.99042
5933.433,11.1621
5948.691,9.41696
5963.95,6.86296
5979.209,21.2948
5994.468,19.4173
6009.727,7.68652
6024.985,7.85319
6040.244,6.79923
6055.503,9.46108
6070.762,5.28448
6086.021,7.15219
6101.279,13.8485
6116.538,6.74041
6131.797,9.75031
6147.056,10.1033
6162.314,15.5985
6177.573,7.16689
6192.832,8.66204
6208.091,7.01983
6223.35,7.73554
6238.608,5.5541
6253.867,6.9414
6269.126,8.37281
6284.385,10.4023
6299.644,9.29441
6314.902,14.6475
6330.161,8.04437
6345.42,7.53455
6360.679,5.81881
6375.938,10.0837
6391.196,6.23549
6406.455,5.5541
6421.714,5.16193
6436.973,6.57374
6452.231,6.92669
6467.49,10.4366
6482.749,6.38746
6498.008,8.01986
6513.267,15.4613
6528.525,8.19634
6543.784,13.5151
6559.043,7.26003
6574.302,10.9317
6589.561,7.31396
6604.819,7.29925
6620.078,8.51498
6635.337,6.40707
6650.596,13.7946
6665.854,9.7209
6681.113,9.85325
6696.372,6.59335
6711.631,5.83352
6726.89,8.16693
6742.148,7.01493
6757.407,7.16199
6772.666,10.2895
6787.925,8.25026
6803.184,8.05908
6818.442,8.89244
6833.701,5.83842
6848.96,4.71093
6864.219,7.55416
6879.478,5.20115
6894.736,7.38749
6909.995,6.70609
6925.254,8.1081
6940.513,8.29438
6955.771,7.81888
6971.03,6.51981
6986.289,6.92669
7001.548,11.0249
7016.807,6.7159
7032.065,8.40713
7047.324,11.1866
7062.583,7.4071
7077.842,4.66191
7093.101,8.113
7108.359,14.2848
7123.618,8.32379
7138.877,5.82371
7154.136,8.42674
7169.395,9.18657
7184.653,7.98064
7199.912,7.07375
7215.171,12.922
7230.43,7.51494
7245.688,6.78453
7260.947,7.01983
7276.206,5.90215
7291.465,4.82858
7306.724,6.68158
7321.982,6.21588
7337.241,8.02476
7352.5,7.00512
7367.759,6.0198
7383.018,9.7258
7398.276,8.40713
7413.535,9.0297
7428.794,6.64237
7444.053,17.2162
7459.312,5.85803
7474.57,5.63743
7489.829,9.88757
7505.088,13.1671
7520.347,8.29438
7535.605,9.2601
7550.864,9.85325
7566.123,13.0739
7581.382,8.32379
7596.641,5.17663
7611.899,8.8091
7627.158,9.78462
7642.417,9.76992
7657.676,6.47079
7672.935,8.94636
7688.193,14.2406
7703.452,9.44148
7718.711,5.96097
7733.97,6.78943
7749.229,7.34337
7764.487,6.77472
7779.746,8.41203
7795.005,8.98558
7810.264,8.35321
7825.522,10.167
7840.781,12.0494
7856.04,4.84329
7871.299,7.20611
7886.558,9.00029
7901.816,5.0884
7917.075,6.68649
7932.334,6.16686
7947.593,9.64246
7962.852,6.45118
7978.11,8.3385
7993.369,5.21585
8008.628,8.95126
8023.887,6.4806
8039.146,5.83352
8054.404,7.39239
8069.663,9.66697
8084.922,6.00019
8100.181,7.30415
8115.439,14.0397
8130.698,4.82858
8145.957,7.26003
8161.216,8.69145
8176.475,6.0149
8191.733,11.4611
8206.992,6.961
8222.251,9.54932
8237.51,9.10813
8252.769,13.5936
8268.027,7.59338
8283.286,5.98548
8298.545,5.59331
8313.804,7.08846
8329.063,6.85316
8344.321,8.27477
8359.58,8.09339
8374.839,9.11303
8390.098,8.49046
8405.356,8.814
8420.615,14.3681
8435.874,10.3386
8451.133,7.92672
8466.392,7.03944
8481.65,11.5053
8496.909,8.65714
8512.168,14.8338
8527.427,7.70122
8542.686,5.25017
8557.944,12.5788
8573.203,8.26497
8588.462,5.47566
8603.721,7.66691
8618.979,6.27961
8634.238,11.971
8649.497,4.47073
8664.756,6.15706
8680.015,7.04924
8695.273,10.6376
8710.532,10.0346
8725.791,5.54429
8741.05,9.68168
8756.309,8.40713
8771.567,10.917
8786.826,6.84826
8802.085,16.5201
8817.344,8.32379
8832.603,7.49043
8847.861,6.70609
8863.12,6.7208
8878.379,12.1033
8893.638,6.46099
8908.896,8.70126
8924.155,9.37285
8939.414,13.4024
8954.673,8.51498
8969.932,6.89238
8985.19,6.03941
9000.449,8.51007
9015.708,8.66204
9030.967,7.38749
9046.226,7.74534
9061.484,6.28451
9076.743,11.8337
9092.002,6.51001
9107.261,8.45615
9122.52,6.86786
9137.778,7.03944
9153.037,7.46102
9168.296,7.32866
9183.555,6.17176
9198.813,6.53942
9214.072,9.87776
9229.331,6.78453
9244.59,6.16196
9259.849,8.53949
9275.107,7.58848
9290.366,6.31883
9305.625,7.61299
9320.884,12.7651
9336.143,16.6525
9351.401,11.3778
9366.66,9.18166
9381.919,8.82871
9397.178,7.80417
9412.437,7.59828
9427.695,13.8779
9442.954,10.1719
9458.213,5.20605
9473.472,7.10317
9488.73,6.15706
9503.989,6.66198
9519.248,7.05905
9534.507,10.417
9549.766,8.95617
9565.024,19.9859
9580.283,7.22082
9595.542,6.31883
9610.801,12.1769
9626.06,7.81397
9641.318,7.97084
9656.577,6.66688
9671.836,14.1083
9687.095,6.4757
9702.354,6.64727
9717.612,5.22075
9732.871,6.09333
9748.13,6.35314
9763.389,7.1767
9778.647,6.78453
9793.906,9.70129
9809.165,7.98064
9824.424,6.54432
9839.683,7.67181
9854.941,7.92672
9870.2,12.6328
9885.459,7.28454
9900.718,12.4955
9915.977,8.60812
9931.235,10.1572
9946.494,8.74537
9961.753,6.4806
9977.012,5.83842
9992.271,7.82868
10007.53,6.37765
10022.79,8.13751
10038.05,10.7209
10053.31,7.46592
10068.56,14.6818
10083.82,10.1082
10099.08,10.4611
10114.34,7.80417
10129.6,5.70606
10144.86,7.8875
10160.12,8.69635
10175.38,7.28454
10190.63,5.97568
10205.89,13.7259
10221.15,6.68158
10236.41,8.26497
10251.67,5.19134
10266.93,5.15703
10282.19,11.7602
10297.45,17.7996
10312.71,8.43164
10327.96,6.28941
10343.22,6.44138
10358.48,7.8728
10373.74,5.94627
10389,6.50021
10404.26,9.29441
10419.52,11.466
10434.78,5.7845
10450.03,7.6424
10465.29,6.9463
10480.55,6.21588
10495.81,12.2161
10511.07,5.22075
10526.33,7.46592
10541.59,9.29441
10556.85,9.13754
10572.1,7.20121
10587.36,8.8042
10602.62,7.97084
10617.88,8.42184
10633.14,6.81884
10648.4,8.26497
10663.66,13.8975
10678.92,4.68642
10694.17,8.17673
10709.43,9.22578
10724.69,7.12277
10739.95,6.38746
10755.21,8.49537
10770.47,8.66694
10785.73,10.1719
10800.99,10.0837
10816.25,6.66688
10831.5,15.0691
10846.76,7.77966
10862.02,8.26987
10877.28,14.0593
10892.54,10.3435
10907.8,10.2552
10923.06,7.65711
10938.32,6.84826
10953.57,8.38262
10968.83,6.54923
10984.09,9.83364
10999.35,9.45128
11014.61,6.00999
11029.87,4.47073
11045.13,7.68162
11060.39,8.63753
11075.64,34.0305
11090.9,7.39239
11106.16,6.28451
11121.42,5.93646
11136.68,6.30412
11151.94,5.48057
11167.2,5.48547
11182.46,9.27971
11197.71,10.1523
11212.97,7.01983
11228.23,9.74541
11243.49,7.39239
11258.75,11.5053
11274.01,8.27477
11289.27,9.19147
11304.53,7.00022
11319.79,8.70616
11335.04,7.62769
11350.3,5.7845
11365.56,6.93159
11380.82,8.06888
11396.08,7.11787
11411.34,12.922
11426.6,7.37278
11441.86,6.36295
11457.11,6.35314
11472.37,7.98064
11487.63,7.83358
11502.89,10.868
11518.15,6.99042
11533.41,9.30912
11548.67,7.14729
11563.93,5.85313
11579.18,8.32379
11594.44,8.29438
11609.7,6.61295
11624.96,9.94639
11640.22,7.53455
11655.48,7.78456
11670.74,11.1425
11686,9.19637
11701.25,7.04924
11716.51,9.67187
11731.77,8.73557
11747.03,7.07866
11762.29,6.89728
11777.55,6.18647
11792.81,9.89247
11808.07,5.94136
11823.33,11.6915
11838.58,8.16202
11853.84,5.36782
11869.1,5.16193
11884.36,10.9121
11899.62,8.05418
11914.88,7.82868
11930.14,7.29925
11945.4,7.8777
11960.65,10.7013
11975.91,7.96594
11991.17,7.27964
12006.43,6.87277
12021.69,9.29441
12036.95,6.91198
12052.21,5.93156
12067.47,7.15219
12082.72,6.27961
12097.98,12.9808
12113.24,7.76005
12128.5,8.82871
12143.76,7.71103
12159.02,18.3486
12174.28,8.30418
12189.54,11.4268
12204.79,7.8777
12220.05,6.69139
12235.31,6.93649
12250.57,6.961
12265.83,8.90224
12281.09,7.48063
12296.35,9.4905
12311.61,10.3042
12326.87,6.39236
12342.12,16.5643
12357.38,10.7258
12372.64,9.80913
12387.9,4.89231
12403.16,6.18647
12418.42,8.07869
12433.68,8.42674
12448.94,8.36791
12464.19,7.1718
12479.45,8.20124
12494.71,6.54432
12509.97,6.97571
12525.23,4.94133
12540.49,13.4171
12555.75,7.25513
12571.01,8.3287
12586.26,12.3631
12601.52,7.25513
12616.78,5.80901
12632.04,6.87767
12647.3,5.5639
12662.56,6.08843
12677.82,11.721
12693.08,10.3288
12708.33,12.1523
12723.59,6.64237
12738.85,6.37765
12754.11,10.7994
12769.37,6.82865
12784.63,6.41687
12799.89,7.10317
12815.15,4.11778
12830.41,5.22075
12845.66,6.89238
12860.92,8.88754
12876.18,11.9465
12891.44,8.36791
12906.7,6.12274
12921.96,12.7749
12937.22,11.77
12952.48,6.66198
12967.73,6.73551
12982.99,7.67671
12998.25,6.80414
13013.51,7.70122
13028.77,6.46589
13044.03,5.3286
13059.29,6.41197
13074.55,7.27964
13089.8,7.57867
13105.06,7.43651
13120.32,7.78946
13135.58,12.3239
13150.84,8.82381
13166.1,7.84339
13181.36,10.1817
13196.62,13.7798
13211.88,7.57867
13227.13,5.72077
13242.39,6.78943
13257.65,6.17667
13272.91,11.0592
13288.17,9.16696
13303.43,16.3339
13318.69,7.61299
13333.95,7.03944
13349.2,5.06879
13364.46,8.66694
13379.72,10.4562
13394.98,8.47086
13410.24,8.08359
13425.5,6.63747
13440.76,9.57873
13456.02,7.49534
13471.27,6.79923
13486.53,13.6524
13501.79,6.87277
13517.05,5.37272
13532.31,6.65707
13547.57,8.53949
13562.83,7.6522
13578.09,10.1915
13593.34,9.22578
13608.6,12.0004
13623.86,10.3239
13639.12,11.5445
13654.38,5.37272
13669.64,9.11794
13684.9,6.86786
13700.16,4.75505
13715.42,7.13258
13730.67,6.76492
13745.93,10.8582
13761.19,6.70119
13776.45,7.01983
13791.71,13.0788
13806.97,8.29438
13822.23,5.98548
13837.49,4.59818
13852.74,16.1427
13868,9.09343
13883.26,7.60808
13898.52,18.0545
13913.78,8.69635
13929.04,6.59825
13944.3,7.09336
13959.56,6.98061
13974.81,10.1964
13990.07,7.72573
14005.33,6.15216
14020.59,8.96597
14035.85,7.68162
14051.11,6.33844
14066.37,5.66685
14081.63,7.75025
14096.88,10.8533
14112.14,9.76992
14127.4,6.4904
14142.66,7.50514
14157.92,8.88754
14173.18,10.8288
14188.44,10.3631
14203.7,8.31889
14218.96,7.51494
14234.21,8.52478
14249.47,9.38265
14264.73,6.75021
14279.99,6.74041
14295.25,7.04924
14310.51,7.99045
14325.77,7.56887
14341.03,11.7945
14356.28,8.75518
14371.54,5.07369
14386.8,9.47089
14402.06,14.4024
14417.32,8.95617
14432.58,7.49043
14447.84,5.87764
14463.1,10.0689
14478.35,5.71587
14493.61,18.981
14508.87,8.52968
14524.13,7.8875
14539.39,5.5688
14554.65,6.87767
14569.91,18.53
14585.17,7.15219
14600.42,13.1524
14615.68,6.82375
14630.94,8.02967
14646.2,10.1131
14661.46,6.34824
14676.72,7.15709
14691.98,6.44138
14707.24,6.85806
14722.5,10.5248
14737.75,7.09826
14753.01,8.62282
14768.27,8.39242
14783.53,8.60812
14798.79,6.90708
14814.05,7.92182
14829.31,5.98058
14844.57,6.83355
14859.82,6.65707
14875.08,11.7063
14890.34,5.80901
14905.6,5.75018
14920.86,4.8727
14936.12,8.39732
14951.38,16.775
14966.64,7.02963
14981.89,7.92672
14997.15,7.20611
15012.41,8.27477
15027.67,9.52481
15042.93,5.91685
15058.19,21.5154
15073.45,7.25513
15088.71,7.08846
15103.96,11.2504
15119.22,7.26494
15134.48,12.8386
15149.74,8.87773
15165,9.83364
15180.26,8.47086
15195.52,8.21104
15210.78,8.3434
15226.04,6.11294
15241.29,14.6279
15256.55,6.03941
15271.81,5.68645
15287.07,10.0837
15302.33,5.59822
15317.59,8.97087
15332.85,6.961
15348.11,11.7798
15363.36,7.66201
15378.62,5.05898
15393.88,10.4709
15409.14,9.15715
15424.4,16.2113
15439.66,6.15216
15454.92,12.8828
15470.18,12.7798
15485.43,10.4856
15500.69,6.39726
15515.95,7.02963
15531.21,5.37272
15546.47,7.6473
15561.73,6.93159
15576.99,9.22088
15592.25,5.96588
15607.5,7.78456
15622.76,8.5787
15638.02,5.13742
15653.28,7.28454
15668.54,6.26
15683.8,6.0149
15699.06,9.47579
15714.32,8.29928
15729.58,6.4855
15744.83,8.77479
15760.09,5.95117
15775.35,5.37762
15790.61,7.86299
15805.87,8.0983
15821.13,9.45128
15836.39,6.11784
15851.65,8.41693
15866.9,18.981
15882.16,5.62763
15897.42,6.29432
15912.68,4.20602
15927.94,6.84335
15943.2,5.87273
15958.46,10.5984
15973.72,7.50514
15988.97,7.11297
16004.23,5.35311
16019.49,5.3188
16034.75,7.15219
16050.01,5.72077
16065.27,6.86296
16080.53,9.71599
16095.79,15.4907
16111.04,11.466
16126.3,5.77469
16141.56,7.32376
16156.82,6.64237
16172.08,14.0299
16187.34,6.52472
16202.6,11.2504
16217.86,6.73551
16233.12,6.62766
16248.37,8.72577
16263.63,8.41693
16278.89,6.2649
16294.15,22.4419
16309.41,11.3582
16324.67,14.3338
16339.93,11.917
16355.19,11.1229
16370.44,12.3876
16385.7,7.93162
16400.96,6.4855
16416.22,5.40213
16431.48,10.0542
16446.74,5.37272
16462,7.28945
16477.26,10.3974
16492.51,8.70616
16507.77,5.85313
16523.03,6.29432
16538.29,10.868
16553.55,9.67187
16568.81,5.97568
16584.07,7.67671
16599.33,6.15706
16614.58,11.8239
16629.84,7.50514
16645.1,7.28454
16660.36,7.05905
16675.62,8.01006
16690.88,8.07379
16706.14,8.97087
16721.4,6.19137
16736.66,6.42177
16751.91,10.3141
16767.17,8.19144
16782.43,9.48559
16797.69,10.966
16812.95,7.29925
16828.21,4.77956
16843.47,10.7209
16858.73,11.0298
16873.98,10.7798
16889.24,8.76008
16904.5,8.07869
16919.76,8.68655
16935.02,8.73557
16950.28,7.6522
16965.54,5.66194
16980.8,8.25026
16996.05,8.07379
17011.31,5.73548
17026.57,12.5445
17041.83,8.73557
17057.09,6.82865
17072.35,6.30412
17087.61,8.28458
17102.87,14.3387
17118.13,7.39239
17133.38,6.00509
17148.64,8.50517
17163.9,5.48057
17179.16,8.55419
17194.42,6.51001
17209.68,9.06891
17224.94,7.50514
17240.2,5.86783
17255.45,6.39236
17270.71,7.15709
17285.97,15.8485
17301.23,6.24039
17316.49,8.17673
17331.75,9.38265
17347.01,6.62276
17362.27,7.95613
17377.52,7.89731
17392.78,4.27955
17408.04,7.00512
17423.3,6.80904
17438.56,11.2553
17453.82,8.74047
17469.08,5.60802
17484.34,5.61782
17499.59,4.89231
17514.85,4.99035
17530.11,10.4219
17545.37,11.0739
17560.63,7.42671
17575.89,7.32376
17591.15,8.27967
17606.41,16.0593
17621.67,7.56887
17636.92,9.71599
17652.18,13.0494
17667.44,6.66688
17682.7,7.6522
17697.96,9.15715
17713.22,8.51498
17728.48,10.6817
17743.74,5.97568
17758.99,11.721
17774.25,7.74044
17789.51,8.27477
17804.77,11.8533
17820.03,10.8386
17835.29,6.81394
17850.55,6.60315
17865.81,6.54923
17881.06,9.87776
17896.32,10.1229
17911.58,10.6866
17926.84,8.37772
17942.1,8.06888
17957.36,8.58851
17972.62,18.5447
17987.88,15.7309
18003.13,5.74038
18018.39,5.70116
18033.65,6.33844
18048.91,6.68158
18064.17,6.55903
18079.43,6.08353
18094.69,10.0395
18109.95,10.1621
18125.21,7.11297
18140.46,6.89238
18155.72,9.45618
18170.98,8.70616
18186.24,7.94143
18201.5,10.0738
18216.76,7.8777
18232.02,9.01499
18247.28,7.54926
18262.53,11.2896
18277.79,10.4464
18293.05,9.2699
18308.31,6.78943
18323.57,6.9414
18338.83,7.02473
18354.09,18.0594
18369.35,8.48556
18384.6,7.10807
18399.86,10.9807
18415.12,10.9513
18430.38,6.76982
18445.64,27.6577
18460.9,4.58838
18476.16,9.65227
18491.42,6.41687
18506.67,8.06398
18521.93,6.0247
18537.19,11.2455
18552.45,26.942
18567.71,11.9367
18582.97,6.31393
18598.23,5.71097
18613.49,9.07872
18628.75,5.76979
18644,7.57377
18659.26,11.2553
18674.52,5.70116
18689.78,7.49534
18705.04,5.16683
18720.3,10.6621
18735.56,10.2405
18750.82,6.32863
18766.07,7.23552
18781.33,5.38743
18796.59,7.4071
18811.85,4.88741
18827.11,5.07859
18842.37,6.92179
18857.63,7.94143
18872.89,13.9318
18888.14,4.99035
18903.4,6.78943
18918.66,5.61292
18933.92,7.98555
18949.18,7.46592
18964.44,8.83361
18979.7,10.8533
18994.96,6.35314
19010.21,8.5689
19025.47,6.80414
19040.73,7.09826
19055.99,8.08849
19071.25,7.93162
19086.51,7.53945
19101.77,7.36788
19117.03,7.73554
19132.29,4.69623
19147.54,7.33847
19162.8,8.42674
19178.06,6.00999
19193.32,8.12771
19208.58,16.9711
19223.84,8.85322
19239.1,6.28451
19254.36,12.0837
19269.61,5.58351
19284.87,6.9463
19300.13,16.0201
19315.39,6.29922
19330.65,7.62769
19345.91,9.14735
19361.17,16.0887
19376.43,8.55909
19391.68,9.46599
19406.94,5.5541
19422.2,12.4269
19437.46,7.44631
19452.72,7.37278
19467.98,7.24533
19483.24,14.2701
19498.5,7.31396
19513.75,5.3384
19529.01,8.04927
19544.27,6.30902
19559.53,7.80417
19574.79,11.4121
19590.05,7.27964
19605.31,5.89234
19620.57,17.1868
19635.83,15.8142
19651.08,7.1767
19666.34,8.3287
19681.6,7.73554
19696.86,6.77472
19712.12,22.7213
19727.38,5.40703
19742.64,7.37278
19757.9,7.43651
19773.15,7.31886
19788.41,8.13261
19803.67,11.3925
19818.93,6.90218
19834.19,8.24046
19849.45,10.2797
19864.71,9.67678
19879.97,10.8141
19895.22,7.42671
19910.48,7.37768
19925.74,6.68649
19941,10.1474
19956.26,12.5298
19971.52,7.66691
19986.78,9.55913
20002.04,6.79923
20017.29,5.65704
20032.55,6.16196
20047.81,18.4074
20063.07,7.25023
20078.33,7.8875
20093.59,9.77972
20108.85,9.39736
20124.11,6.36295
20139.37,7.57867
20154.62,12.5298
20169.88,9.17186
20185.14,9.52971
20200.4,7.12277
20215.66,3.60306
20230.92,8.27967
20246.18,17.0447
20261.44,6.44628
20276.69,6.99042
20291.95,14.3191
20307.21,8.77479
20322.47,7.09336
20337.73,6.9414
20352.99,17.53
20368.25,7.48063
20383.51,9.0346
20398.76,10.0395
20414.02,6.16196
20429.28,7.81888
20444.54,7.71593
20459.8,13.9465
20475.06,7.85809
20490.32,6.07372
20505.58,12.2112
20520.83,7.37768
20536.09,6.26
20551.35,7.47082
20566.61,8.64243
20581.87,6.9561
20597.13,7.02963
20612.39,8.14241
20627.65,8.71106
20642.91,13.319
20658.16,9.20127
20673.42,5.7992
20688.68,7.07375
20703.94,5.84332
20719.2,6.22569
20734.46,7.43161
20749.72,6.04431
20764.98,6.88257
20780.23,7.75025
20795.49,8.14732
20810.75,8.65714
20826.01,11.8288
20841.27,10.3042
20856.53,7.32376
20871.79,6.47079
20887.05,15.123
20902.3,4.49524
20917.56,6.9414
20932.82,8.82871
20948.08,10.5052
20963.34,10.1915
20978.6,9.00029
20993.86,4.22562
21009.12,8.54439
21024.38,6.7159
21039.63,9.36794
21054.89,7.45122
21070.15,9.88267
21085.41,6.28941
21100.67,6.60315
21115.93,7.01493
21131.19,5.66194
21146.45,8.84832
21161.7,6.16196
21176.96,7.39729
21192.22,8.73557
21207.48,16.3976
21222.74,8.69145
21238,5.63743
21253.26,6.68649
21268.52,13.471
21283.77,6.69629
21299.03,7.49534
21314.29,8.13261
21329.55,9.966
21344.81,12.4367
21360.07,4.89721
21375.33,7.39729
21390.59,7.10317
21405.84,9.40716
21421.1,9.19147
21436.36,4.96094
21451.62,5.50508
21466.88,12.4759
21482.14,17.4319
21497.4,8.47576
21512.66,12.4563
21527.92,6.91689
21543.17,7.54926
21558.43,6.75021
21573.69,14.0053
21588.95,8.51007
21604.21,9.87776
21619.47,10.1523
21634.73,8.39242
21649.99,8.8042
21665.24,7.4022
21680.5,9.01009
21695.76,5.07859
21711.02,9.54932
21726.28,8.63263
21741.54,6.99532
21756.8,7.73554
21772.06,6.93159
21787.31,10.0346
21802.57,9.48069
21817.83,6.27471
21833.09,9.28951
21848.35,5.92176
21863.61,6.40216
21878.87,7.72083
21894.13,19.0545
21909.38,18.6526
21924.64,7.92672
21939.9,23.4713
21955.16,7.14729
21970.42,10.0591
21985.68,12.5641
22000.94,6.75021
22016.2,10.618
22031.46,14.074
22046.71,5.25507
22061.97,7.8777
22077.23,6.53942
22092.49,10.8288
22107.75,8.70126
22123.01,10.2552
22138.27,7.11297
22153.53,8.28458
22168.78,9.15225
22184.04,9.37285
22199.3,5.92176
22214.56,11.2406
22229.82,7.03944
22245.08,11.2896
22260.34,16.5544
22275.6,6.66688
22290.85,4.48544
22306.11,9.966
22321.37,8.84342
22336.63,9.32382
22351.89,7.96594
22367.15,15.5397
22382.41,7.07375
22397.67,7.1718
22412.92,13.922
22428.18,6.98552
22443.44,10.1866
22458.7,8.03457
22473.96,12.8877
22489.22,8.37281
22504.48,4.858
22519.74,5.559
22535,7.54926
