LECROYWR44Xi,13218,Waveform
Segments,1,SegmentSize,1501
Segment,TrigTime,TimeSinceSegment1
#1,15-Jul-2010 18:20:50,0                 
Time,Ampl
0,-60.1925
15.25879,-9.04826
30.51758,-6.25625
45.77637,-0.67224
61.03516,-8.08651
76.29395,-7.42408
91.55273,5.94712
106.8115,-3.52313
122.0703,9.02372
137.3291,-4.74494
152.5879,16.8011
167.8467,-2.002
183.1055,4.19537
198.3643,2.82145
213.623,13.6165
228.8818,4.7204
244.1406,-15.0493
259.3994,-12.012
274.6582,1.90877
289.917,-0.191368
305.1758,-8.19446
320.4346,-1.52113
335.6934,3.84207
350.9521,-4.90196
366.2109,-1.40336
381.4697,0.956838
396.7285,-4.64189
411.9873,2.10504
427.2461,-2.63008
442.5049,-6.74694
457.7637,-7.73322
473.0225,4.23953
488.2813,0.387642
503.54,8.40055
518.7988,-1.97747
534.0576,3.10604
549.3164,-3.10604
564.5752,8.40055
579.834,-0.932304
595.0928,-7.06098
610.3516,-7.65471
625.6104,-5.2896
640.8691,1.49659
656.1279,7.5762
671.3867,-6.05507
686.6455,-3.11095
701.9043,-3.5722
717.1631,-17.2967
732.4219,4.44562
747.6807,3.66052
762.9395,0.186461
778.1982,-5.30432
793.457,-1.54566
808.7158,3.52803
823.9746,-4.89214
839.2334,0.966652
854.4922,4.33276
869.751,-4.84307
885.0098,-5.63799
900.2686,-4.85779
915.5273,-2.7135
930.7861,-3.38574
946.0449,-14.5734
961.3037,0.554476
976.5625,-1.8597
991.8213,-9.80882
1007.08,4.15121
1022.339,-6.99228
1037.598,-3.84698
1052.856,-18.6902
1068.115,-1.67815
1083.374,7.71359
1098.633,-1.22672
1113.892,-9.27397
1129.15,2.30132
1144.409,-10.6871
1159.668,0.269877
1174.927,5.83917
1190.186,6.62917
1205.444,-0.42199
1220.703,7.007
1235.962,1.52603
1251.221,4.50941
1266.479,0.117765
1281.738,-1.212
1296.997,-4.00891
1312.256,-6.70277
1327.515,-9.59292
1342.773,-0.858701
1358.032,-6.8647
1373.291,-6.03544
1388.55,-3.18946
1403.809,-8.61645
1419.067,6.13358
1434.326,4.77438
1449.585,-2.13449
1464.844,-0.809632
1480.103,12.8462
1495.361,1.77628
1510.62,-10.6773
1525.879,-29.6031
1541.138,12.3309
1556.396,6.84998
1571.655,-8.46925
1586.914,3.30723
1602.173,-3.52803
1617.432,11.9139
1632.69,1.37392
1647.949,-3.29741
1663.208,-2.9294
1678.467,0.0834167
1693.726,6.47215
1708.984,2.61536
1724.243,-5.26997
1739.502,6.56538
1754.761,-10.9865
1770.02,-5.36811
1785.278,-1.84498
1800.537,5.5791
1815.796,-1.45734
1831.055,-2.12958
1846.313,-12.591
1861.572,3.16493
1876.831,5.0737
1892.09,-0.858701
1907.349,-1.72231
1922.607,6.81073
1937.866,-1.53585
1953.125,-6.65371
1968.384,-3.24344
1983.643,6.34457
1998.901,-16.4772
2014.16,-12.7726
2029.419,5.90296
2044.678,-17.5715
2059.937,3.97456
2075.195,-14.3673
2090.454,4.96084
2105.713,-18.0769
2120.972,-2.19337
2136.23,-6.88924
2151.489,2.90977
2166.748,-2.73803
2182.007,-4.5045
2197.266,-1.97747
2212.524,2.87051
2227.783,1.42299
2243.042,-0.947025
2258.301,-5.56438
2273.56,-21.3252
2288.818,8.16011
2304.077,-4.1463
2319.336,1.5015
2334.595,-11.114
2349.854,-2.52213
2365.112,-6.80091
2380.371,4.66152
2395.63,9.21018
2410.889,8.4398
2426.147,-2.24244
2441.406,-5.61345
2456.665,-19.4214
2471.924,5.84407
2487.183,6.30532
2502.441,1.29541
2517.7,6.56048
2532.959,9.37211
2548.218,-7.44371
2563.477,-1.59473
2578.735,-3.4299
2593.994,-6.68315
2609.253,1.73212
2624.512,6.34948
2639.771,-4.53885
2655.029,2.00691
2670.288,2.47306
2685.547,-11.1288
2700.806,-1.52603
2716.064,6.74203
2731.323,-1.52603
2746.582,-7.08551
2761.841,-2.89996
2777.1,10.7608
2792.358,-12.5959
2807.617,9.92658
2822.876,-6.37402
2838.135,10.5448
2853.394,-7.18365
2868.652,5.52022
2883.911,6.84998
2899.17,-1.90877
2914.429,0.461245
2929.688,8.24353
2944.946,1.4279
2960.205,-23.9995
2975.464,-5.04426
2990.723,0.745843
3005.981,18.1309
3021.24,-2.89014
3036.499,-1.44752
3051.758,-1.47206
3067.017,-14.701
3082.275,0.142299
3097.534,-2.58592
3112.793,-9.67633
3128.052,-2.23753
3143.311,-17.7089
3158.569,-0.225716
3173.828,16.7766
3189.087,-0.480873
3204.346,-1.20218
3219.604,-6.29551
3234.863,-4.94612
3250.122,-14.7304
3265.381,0.853794
3280.64,2.04616
3295.898,1.05498
3311.157,-15.6136
3326.416,-11.4085
3341.675,-1.7125
3356.934,6.32004
3372.192,-7.17383
3387.451,-6.98247
3402.71,-1.69287
3417.969,-1.90877
3433.228,-18.6215
3448.486,0.745843
3463.745,-6.19737
3479.004,-7.4339
3494.263,6.82054
3509.521,3.83226
3524.78,-13.7687
3540.039,-3.68505
3555.298,0.853794
3570.557,1.03044
3585.815,4.44071
3601.074,-2.96865
3616.333,-8.17974
3631.592,-0.0883235
3646.851,11.59
3662.109,-2.01672
3677.368,-0.0539755
3692.627,-14.2495
3707.886,0.471059
3723.145,-15.8295
3738.403,9.42118
3753.662,0.868515
3768.921,4.52903
3784.18,-11.1484
3799.438,-5.91768
3814.697,-7.18855
3829.956,-0.785098
3845.215,-0.770377
3860.474,-7.80191
3875.732,2.78219
3890.991,3.67033
3906.25,-4.40636
3921.509,1.59964
3936.768,-3.47406
3952.026,-11.4968
3967.285,-7.37992
3982.544,-2.60554
3997.803,-2.83617
4013.062,10.9325
4028.32,4.30823
4043.579,-2.81163
4058.838,1.37392
4074.097,9.45062
4089.355,-2.02653
4104.614,8.5772
4119.873,2.95393
4135.132,-20.4371
4150.391,4.0727
4165.649,-1.91858
4180.908,-0.446525
4196.167,-8.45452
4211.426,-7.15421
4226.685,-11.4134
4241.943,14.2348
4257.202,-25.2458
4272.461,-3.79791
4287.72,1.82045
4302.979,-2.01672
4318.237,11.7814
4333.496,-10.7706
4348.755,-4.1463
4364.014,-17.3507
4379.272,8.11104
4394.531,1.09914
4409.79,-15.3928
4425.049,-1.03535
4440.308,4.53394
4455.566,-7.52713
4470.825,-3.87151
4486.084,-10.3437
4501.343,12.5861
4516.602,2.61536
4531.86,7.10514
4547.119,0.034348
4562.378,6.89414
4577.637,8.38583
4592.896,-3.30232
4608.154,-9.92658
4623.413,-1.52603
4638.672,-13.8717
4653.931,-2.12467
4669.189,8.47415
4684.448,-9.54876
4699.707,-13.7294
4714.966,9.97075
4730.225,-22.7678
4745.483,-12.4585
4760.742,-6.69787
4776.001,-6.08451
4791.26,0.480873
4806.519,0.0736029
4821.777,-12.3849
4837.036,16.7618
4852.295,2.45834
4867.554,8.46925
4882.813,1.02063
4898.071,-6.70277
4913.33,4.08251
4928.589,-18.0278
4943.848,-3.72431
4959.106,5.97656
4974.365,-20.334
4989.624,-8.4398
5004.883,1.40827
5020.142,0.431804
5035.4,7.01681
5050.659,-10.8147
5065.918,8.0767
5081.177,-4.73512
5096.436,7.09532
5111.694,5.18165
5126.953,-1.94312
5142.212,-9.14149
5157.471,-16.1681
5172.729,-9.21509
5187.988,1.45734
5203.247,1.52603
5218.506,12.4045
5233.765,8.15521
5249.023,-4.21009
5264.282,-1.58001
5279.541,-0.603544
5294.8,2.90977
5310.059,-4.69096
5325.317,5.02463
5340.576,6.75675
5355.835,6.0796
5371.094,5.89805
5386.353,-5.19637
5401.611,-9.13167
5416.87,4.65171
5432.129,-0.471059
5447.388,-3.83226
5462.646,2.02653
5477.905,-5.15221
5493.164,2.84107
5508.423,2.64971
5523.682,2.97356
5538.94,2.66933
5554.199,10.2799
5569.458,1.18255
5584.717,6.53594
5599.976,-8.2239
5615.234,-6.71259
5630.493,-6.51141
5645.752,-7.5762
5661.011,2.27188
5676.27,1.08932
5691.528,-4.00891
5706.787,-3.17474
5722.046,-13.7343
5737.305,0.667333
5752.563,-1.97747
5767.822,0.956838
5783.081,10.3731
5798.34,-7.44862
5813.599,-9.88242
5828.857,9.76466
5844.116,-0.525034
5859.375,-12.9688
5874.634,1.19237
5889.893,-4.54866
5905.151,-6.5065
5920.41,-4.91177
5935.669,3.27778
5950.928,-4.72531
5966.187,8.7195
5981.445,-1.56038
5996.704,-2.2866
6011.963,8.73422
6027.222,6.49178
6042.48,-13.6607
6057.739,3.62617
6072.998,-7.78719
6088.257,-13.0473
6103.516,-1.35429
6118.774,-6.46234
6134.033,10.7411
6149.292,2.40927
6164.551,-4.55357
6179.81,-2.84598
6195.068,-2.89505
6210.327,4.4309
6225.586,21.497
6240.845,-4.42599
6256.104,0.466152
6271.362,12.326
6286.621,6.04526
6301.88,6.25134
6317.139,-1.12858
6332.397,-9.4359
6347.656,4.27388
6362.915,7.03153
6378.174,-8.70477
6393.433,-17.3409
6408.691,4.10704
6423.95,-6.30532
6439.209,-9.47515
6454.468,-7.97365
6469.727,-5.76066
6484.985,8.86179
6500.244,-3.26797
6515.503,-3.97947
6530.762,-4.54866
6546.021,-4.44562
6561.279,-12.0758
6576.538,-0.353294
6591.797,3.00791
6607.056,2.48287
6622.314,1.34939
6637.573,-4.82835
6652.832,6.6488
6668.091,-6.25134
6683.35,-3.48878
6698.608,2.80673
6713.867,2.7871
6729.126,-6.11395
6744.385,0.92249
6759.644,2.9294
6774.902,-5.53494
6790.161,12.5518
6805.42,12.6842
6820.679,5.98637
6835.938,-7.55657
6851.196,2.51231
6866.455,-4.56829
6881.714,4.75475
6896.973,-0.309132
6912.231,6.24153
6927.49,2.88524
6942.749,-6.30532
6958.008,-0.819446
6973.267,14.2643
6988.525,1.01081
7003.784,1.65361
7019.043,-3.89114
7034.302,4.49959
7049.561,-3.99419
7064.819,1.13839
7080.078,-4.9363
7095.337,1.48678
7110.596,8.84217
7125.854,-10.4909
7141.113,8.34657
7156.372,0.0441618
7171.631,-23.3174
7186.89,-4.27878
7202.148,-0.726216
7217.407,-17.9395
7232.666,-2.99809
7247.925,-3.02753
7263.184,6.88924
7278.442,-0.240436
7293.701,0.515221
7308.96,-9.02372
7324.219,-8.1503
7339.478,-5.89805
7354.736,2.72331
7369.995,6.74203
7385.254,-13.4399
7400.513,5.79501
7415.771,-5.7165
7431.03,-1.73703
7446.289,-4.51431
7461.548,-4.71059
7476.807,-0.0441618
7492.065,1.02553
7507.324,-3.68996
7522.583,1.26106
7537.842,-13.4546
7553.101,-0.932304
7568.359,-3.96965
7583.618,-2.49759
7598.877,-3.61636
7614.136,0.117765
7629.395,-4.76947
7644.653,2.98337
7659.912,0.00490686
7675.171,3.17474
7690.43,-5.8637
7705.688,5.06388
7720.947,7.12967
7736.206,-3.27288
7751.465,-3.73412
7766.724,2.74294
7781.982,3.77828
7797.241,-7.89024
7812.5,3.89605
7827.759,2.60064
7843.018,13.5675
7858.276,-0.711495
7873.535,0.652613
7888.794,-16.6146
7904.053,0.431804
7919.312,2.08051
7934.57,-9.85298
7949.829,2.32585
7965.088,1.44262
7980.347,-12.8364
7995.605,1.89896
8010.864,4.28369
8026.123,-8.28769
8041.382,2.04125
8056.641,-14.1072
8071.899,-6.69787
8087.158,5.19146
8102.417,-0.426897
8117.676,-4.75966
8132.935,0.132485
8148.193,1.24634
8163.452,4.21009
8178.711,0.515221
8193.97,-0.642799
8209.229,-13.5626
8224.487,-1.2856
8239.746,15.1426
8255.005,-0.92249
8270.264,-3.15511
8285.522,-12.537
8300.781,-15.9718
8316.04,2.35529
8331.299,11.644
8346.558,-10.4271
8361.816,-2.97356
8377.075,-3.28269
8392.334,-5.45152
8407.593,-0.691868
8422.852,-0.235529
8438.11,-6.98247
8453.369,5.44662
8468.628,-5.5055
8483.887,6.5801
8499.146,-13.2633
8514.404,0.0147206
8529.663,-1.97256
8544.922,0.549569
8560.181,2.08051
8575.439,9.5782
8590.698,1.25125
8605.957,6.90396
8621.216,4.67133
8636.475,4.65661
8651.733,4.60754
8666.992,-6.25134
8682.251,-11.6783
8697.51,5.35339
8712.769,4.58301
8728.027,-9.94621
8743.286,4.61245
8758.545,-0.799819
8773.804,5.24053
8789.063,-14.7795
8804.321,-2.96865
8819.58,-1.2905
8834.839,-5.17183
8850.098,-3.25325
8865.356,5.46134
8880.615,-1.14821
8895.874,0.525034
8911.133,-2.76747
8926.392,6.6488
8941.65,-9.30341
8956.909,-0.839074
8972.168,-5.51531
8987.427,4.62226
9002.686,-6.20227
9017.944,9.67143
9033.203,-1.72231
9048.462,8.8667
9063.721,1.72231
9078.979,-11.0257
9094.238,5.01972
9109.497,-11.2711
9124.756,-3.25325
9140.015,-4.54376
9155.273,2.80182
9170.532,2.19337
9185.791,0.15702
9201.05,-1.67815
9216.309,-5.32885
9231.567,-5.18165
9246.826,-5.17183
9262.085,2.74294
9277.344,12.7431
9292.603,11.8206
9307.861,-12.802
9323.12,-10.8589
9338.379,8.00309
9353.638,0.82926
9368.896,-9.68615
9384.155,0.760564
9399.414,3.35139
9414.673,-7.98347
9429.932,-13.3221
9445.19,-2.19337
9460.449,-3.91077
9475.708,7.76756
9490.967,-2.37983
9506.226,1.29541
9521.484,0.34348
9536.743,-17.3065
9552.002,12.326
9567.261,-12.2917
9582.52,4.27388
9597.778,-8.06688
9613.037,-2.72822
9628.296,3.63599
9643.555,-9.48987
9658.813,20.0593
9674.072,3.19927
9689.331,-8.53303
9704.59,-0.333667
9719.849,-18.9896
9735.107,-0.127578
9750.366,-7.11495
9765.625,-3.7881
9780.884,-9.13658
9796.143,8.80291
9811.401,-8.69987
9826.66,-6.49178
9841.919,15.5498
9857.178,-1.91858
9872.437,-6.47706
9887.695,0.368015
9902.954,-0.471059
9918.213,0.15702
9933.472,-8.64099
9948.73,-8.73912
9963.989,-4.98537
9979.248,1.19727
9994.507,10.9717
10009.77,-12.5959
10025.02,11.2465
10040.28,-23.0034
10055.54,18.2633
10070.8,-8.94521
10086.06,-2.92449
10101.32,3.7145
10116.58,3.30723
10131.84,2.93921
10147.09,4.82835
10162.35,4.56338
10177.61,1.53585
10192.87,17.7334
10208.13,2.213
10223.39,10.3535
10238.65,5.99619
10253.91,-3.79791
10269.17,-4.08251
10284.42,14.9414
10299.68,-18.5479
10314.94,4.42108
10330.2,-2.63989
10345.46,14.8089
10360.72,3.68505
10375.98,-6.01581
10391.24,8.77838
10406.49,6.62427
10421.75,-3.16002
10437.01,-2.82635
10452.27,-5.63308
10467.53,2.31113
10482.79,-6.54085
10498.05,-0.372922
10513.31,-4.63208
10528.56,-1.5702
10543.82,-2.2866
10559.08,-15.7118
10574.34,-3.23853
10589.6,2.11976
10604.86,-3.58201
10620.12,2.29151
10635.38,5.68705
10650.63,-2.5025
10665.89,-1.03535
10681.15,8.68515
10696.41,3.90586
10711.67,16.6784
10726.93,-1.60945
10742.19,-3.80773
10757.45,-8.09632
10772.71,-7.4388
10787.96,-9.01881
10803.22,10.6675
10818.48,-6.73712
10833.74,-16.4822
10849,-2.01181
10864.26,5.54476
10879.52,-9.40646
10894.78,3.10604
10910.03,-10.8785
10925.29,-7.69396
10940.55,1.47697
10955.81,1.74194
10971.07,0.942118
10986.33,0.574103
11001.59,5.00991
11016.85,5.41718
11032.1,-15.2064
11047.36,-15.7658
11062.62,12.2377
11077.88,-1.72722
11093.14,-2.73312
11108.4,2.65461
11123.66,-3.38574
11138.92,-10.7951
11154.17,-0.662427
11169.43,7.46334
11184.69,-0.539755
11199.95,-5.69196
11215.21,-0.206088
11230.47,6.38383
11245.73,12.959
11260.99,1.04516
11276.25,2.63008
11291.5,14.0876
11306.76,0.726216
11322.02,-5.7901
11337.28,3.51822
11352.54,1.66833
11367.8,2.54666
11383.06,-2.01672
11398.32,2.47797
11413.57,-5.98637
11428.83,3.20418
11444.09,-5.37301
11459.35,-6.00109
11474.61,-11.119
11489.87,13.3369
11505.13,-8.11104
11520.39,-4.42599
11535.64,7.19837
11550.9,-7.86079
11566.16,-9.05807
11581.42,6.31513
11596.68,-5.75084
11611.94,-4.26897
11627.2,-3.92549
11642.46,-3.9353
11657.71,4.45543
11672.97,0.701681
11688.23,13.1013
11703.49,-3.33176
11718.75,-5.82935
11734.01,4.6468
11749.27,16.5263
11764.53,5.45152
11779.79,8.15521
11795.04,-1.4328
11810.3,-6.74694
11825.56,-6.08451
11840.82,4.4309
11856.08,-3.60654
11871.34,-6.71259
11886.6,-3.30723
11901.86,-5.23072
11917.11,-1.791
11932.37,1.67815
11947.63,-3.23362
11962.89,0.471059
11978.15,7.29651
11993.41,11.276
12008.67,2.97356
12023.93,10.2897
12039.18,9.90205
12054.44,8.25334
12069.7,2.38474
12084.96,-1.86461
12100.22,-16.4772
12115.48,4.78419
12130.74,1.13349
12146,15.1769
12161.25,6.35929
12176.51,12.8265
12191.77,2.46815
12207.03,-20.2065
12222.29,-2.48778
12237.55,0.82926
12252.81,-1.16293
12268.07,-0.932304
12283.33,-2.03635
12298.58,-2.96375
12313.84,-6.2219
12329.1,12.0316
12344.36,-14.0042
12359.62,2.59082
12374.88,-0.765471
12390.14,-4.30823
12405.4,-18.8424
12420.65,0.966652
12435.91,8.89614
12451.17,3.88133
12466.43,-3.31213
12481.69,2.37001
12496.95,9.23472
12512.21,-4.0727
12527.47,-3.61145
12542.72,4.64189
12557.98,7.47315
12573.24,14.122
12588.5,3.59182
12603.76,9.52913
12619.02,1.53094
12634.28,-14.8727
12649.54,-4.5045
12664.79,-4.97065
12680.05,-5.01481
12695.31,0.215902
12710.57,7.80682
12725.83,-0.181554
12741.09,7.8657
12756.35,-0.893049
12771.61,1.17274
12786.87,-4.29841
12802.12,5.216
12817.38,-0.0539755
12832.64,-12.5616
12847.9,-6.79601
12863.16,7.68415
12878.42,4.98537
12893.68,0.417083
12908.94,-3.29251
12924.19,-6.99719
12939.45,-9.37702
12954.71,6.28078
12969.97,-2.66443
12985.23,-2.11486
13000.49,-1.12858
13015.75,11.3349
13031.01,-14.4311
13046.26,-7.40446
13061.52,4.06288
13076.78,6.68315
13092.04,0.554476
13107.3,-5.75084
13122.56,-15.9277
13137.82,-4.72531
13153.08,2.9343
13168.33,-9.10714
13183.59,17.9002
13198.85,-0.814539
13214.11,-1.53585
13229.37,-11.2318
13244.63,-16.3251
13259.89,-12.6499
13275.15,-7.45352
13290.41,-4.23953
13305.66,-3.25816
13320.92,-11.59
13336.18,-2.13939
13351.44,-2.51722
13366.7,-2.15411
13381.96,6.98247
13397.22,5.90296
13412.48,2.42399
13427.73,-17.0612
13442.99,-17.5568
13458.25,2.16393
13473.51,-5.71159
13488.77,-0.117765
13504.03,-9.58801
13519.29,2.87542
13534.55,5.216
13549.8,6.03053
13565.06,5.38283
13580.32,-8.35148
13595.58,-28.1605
13610.84,-7.45843
13626.1,-1.19727
13641.36,-5.01972
13656.62,-2.62517
13671.88,-5.44171
13687.13,3.11586
13702.39,0.986279
13717.65,-1.2856
13732.91,-4.06288
13748.17,-13.0032
13763.43,-6.78619
13778.69,14.6225
13793.95,2.55157
13809.2,-1.64871
13824.46,0.637892
13839.72,-10.8393
13854.98,16.6343
13870.24,2.002
13885.5,7.53694
13900.76,-9.35739
13916.02,-14.436
13931.27,-4.18065
13946.53,-2.05598
13961.79,3.10604
13977.05,5.56438
13992.31,-1.17274
14007.57,0.937211
14022.83,10.8196
14038.09,-7.25725
14053.34,-1.85479
14068.6,-3.92058
14083.86,-7.07079
14099.12,7.94912
14114.38,-2.01672
14129.64,-2.90486
14144.9,-0.0981373
14160.16,-16.7864
14175.42,9.90696
14190.67,7.75775
14205.93,20.2212
14221.19,14.9708
14236.45,0.951931
14251.71,7.96384
14266.97,-11.6096
14282.23,-1.58001
14297.49,4.35239
14312.74,4.35729
14328,0.790005
14343.26,-9.82354
14358.52,-7.01681
14373.78,-4.80382
14389.04,1.07951
14404.3,-11.9433
14419.56,-3.5722
14434.81,-3.08642
14450.07,3.83717
14465.33,3.62617
14480.59,-10.4565
14495.85,0.956838
14511.11,8.04235
14526.37,-7.5075
14541.63,4.06288
14556.88,-1.46225
14572.14,-11.168
14587.4,-10.4516
14602.66,-14.5538
14617.92,-1.69777
14633.18,3.74394
14648.44,-7.75775
14663.7,4.78419
14678.96,2.59573
14694.21,-5.55457
14709.47,-5.99619
14724.73,-0.996093
14739.99,-5.39264
14755.25,-30.2508
14770.51,-1.7861
14785.77,3.39555
14801.03,-4.82345
14816.28,-3.65561
14831.54,-3.58201
14846.8,1.05007
14862.06,-2.46325
14877.32,9.17093
14892.58,-2.33567
14907.84,-16.6048
14923.1,5.005
14938.35,-2.88524
14953.61,2.34548
14968.87,-1.97256
14984.13,0.790005
14999.39,2.38964
15014.65,-6.87942
15029.91,-16.0798
15045.17,-1.80573
15060.42,3.52803
15075.68,-5.39264
15090.94,1.78119
15106.2,7.27688
15121.46,-1.6438
15136.72,-1.52603
15151.98,-9.1513
15167.24,-8.27788
15182.5,-5.94221
15197.75,2.44362
15213.01,3.38574
15228.27,-3.54766
15243.53,-11.2907
15258.79,4.0727
15274.05,4.04816
15289.31,2.51722
15304.57,-4.4309
15319.82,-2.30132
15335.08,-4.16102
15350.34,-3.53785
15365.6,1.55057
15380.86,14.0974
15396.12,2.44362
15411.38,5.64289
15426.64,-0.853794
15441.89,-18.5528
15457.15,-6.19246
15472.41,1.79591
15487.67,-25.8101
15502.93,3.7881
15518.19,17.4733
15533.45,4.11195
15548.71,0.181554
15563.96,0.112858
15579.22,5.87842
15594.48,-6.05016
15609.74,-1.72722
15625,11.5802
15640.26,-6.85489
15655.52,-4.84307
15670.78,-5.89805
15686.04,-2.02163
15701.29,-3.11586
15716.55,-6.27588
15731.81,0.92249
15747.07,-6.10904
15762.33,7.37502
15777.59,-4.12176
15792.85,9.00409
15808.11,8.24353
15823.36,12.9296
15838.62,-14.9659
15853.88,5.39264
15869.14,-9.3672
15884.4,7.77247
15899.66,1.07951
15914.92,-7.08551
15930.18,4.61245
15945.43,1.0746
15960.69,0.5005
15975.95,18.9797
15991.21,4.24934
16006.47,-1.38374
16021.73,6.88924
16036.99,-5.20618
16052.25,12.1936
16067.5,1.56529
16082.76,-0.0834167
16098.02,-6.32495
16113.28,3.84698
16128.54,-7.54185
16143.8,5.24544
16159.06,-3.58692
16174.32,-3.77338
16189.58,14.647
16204.83,-0.348387
16220.09,4.06288
16235.35,-18.6019
16250.61,0.902863
16265.87,2.27188
16281.13,0.485779
16296.39,-11.2318
16311.65,0.603544
16326.9,4.4309
16342.16,3.12567
16357.42,-3.03735
16372.68,4.63699
16387.94,-2.80182
16403.2,-22.2134
16418.46,4.89214
16433.72,-3.86661
16448.97,-4.12176
16464.23,-10.4075
16479.49,0.235529
16494.75,-6.19246
16510.01,3.24344
16525.27,0.696775
16540.53,0.59373
16555.79,-3.04226
16571.04,-9.80391
16586.3,-18.705
16601.56,-14.6764
16616.82,5.77047
16632.08,3.51331
16647.34,-13.9159
16662.6,2.29641
16677.86,10.6332
16693.12,5.60854
16708.37,3.66543
16723.63,-3.30232
16738.89,2.99319
16754.15,-12.8756
16769.41,8.42018
16784.67,1.04516
16799.93,1.78119
16815.19,6.59973
16830.44,7.77247
16845.7,11.7274
16860.96,-17.4832
16876.22,6.18755
16891.48,-7.54185
16906.74,-9.7941
16922,-3.32685
16937.26,6.38383
16952.51,2.96865
16967.77,-11.3937
16983.03,-4.08251
16998.29,-3.95984
17013.55,-2.32585
17028.81,-3.89605
17044.07,-5.67724
17059.33,12.5763
17074.58,1.70759
17089.84,-5.55457
17105.1,6.32004
17120.36,-0.0981373
17135.62,5.02953
17150.88,12.2917
17166.14,6.77638
17181.4,7.68905
17196.66,11.8746
17211.91,-10.9865
17227.17,-2.99809
17242.43,-3.80282
17257.69,-0.90777
17272.95,4.80382
17288.21,-4.30332
17303.47,3.10114
17318.73,-9.51441
17333.98,-0.40727
17349.24,20.2948
17364.5,9.51441
17379.76,-4.70568
17395.02,2.77238
17410.28,-2.7871
17425.54,-6.89905
17440.8,0.15702
17456.05,3.73903
17471.31,-12.3408
17486.57,1.12858
17501.83,-7.59582
17517.09,-1.31504
17532.35,1.98237
17547.61,3.11095
17562.87,4.70568
17578.13,1.70268
17593.38,-8.77838
17608.64,-7.13949
17623.9,5.91768
17639.16,4.18555
17654.42,1.66833
17669.68,-4.9314
17684.94,3.26797
17700.2,-1.5702
17715.45,-1.03535
17730.71,-3.52803
17745.97,1.78119
17761.23,1.36411
17776.49,1.03044
17791.75,7.60073
17807.01,-5.19146
17822.27,-11.8304
17837.52,11.9482
17852.78,0.510314
17868.04,2.9343
17883.3,-5.8637
17898.56,-3.8617
17913.82,-2.88524
17929.08,4.09232
17944.34,8.67043
17959.59,4.66643
17974.85,-9.99037
17990.11,13.5086
18005.37,0.480873
18020.63,-9.45552
18035.89,-7.96384
18051.15,7.82154
18066.41,-0.598637
18081.67,7.5075
18096.92,-0.142299
18112.18,-7.91968
18127.44,8.25334
18142.7,-11.9826
18157.96,-5.1473
18173.22,5.59382
18188.48,1.80573
18203.74,8.35639
18218.99,3.34157
18234.25,-4.86761
18249.51,4.89705
18264.77,8.84217
18280.03,0.269877
18295.29,4.95102
18310.55,1.16293
18325.81,-3.91568
18341.06,17.3409
18356.32,-6.46234
18371.58,-6.81073
18386.84,-5.03935
18402.1,-2.44362
18417.36,2.05598
18432.62,-11.1582
18447.88,-2.17865
18463.13,8.99919
18478.39,9.07279
18493.65,-0.863608
18508.91,7.11495
18524.17,-0.166833
18539.43,-3.73412
18554.69,11.4428
18569.95,-6.30041
18585.21,-4.65171
18600.46,0.814539
18615.72,-6.35929
18630.98,0.299319
18646.24,-3.31704
18661.5,-1.03535
18676.76,-1.39355
18692.02,-4.47506
18707.28,-6.64389
18722.53,-6.53103
18737.79,1.12858
18753.05,4.76947
18768.31,-9.46043
18783.57,-19.9317
18798.83,3.95493
18814.09,-5.30432
18829.35,5.88333
18844.6,3.56238
18859.86,0.107951
18875.12,-8.87652
18890.38,-2.61536
18905.64,-0.363108
18920.9,-2.97847
18936.16,-8.65571
18951.42,11.4821
18966.67,2.10014
18981.93,1.30523
18997.19,-8.56248
19012.45,7.13458
19027.71,3.92058
19042.97,-1.44262
19058.23,-7.03644
19073.49,0.775284
19088.75,7.45352
19104,4.29841
19119.26,-10.6577
19134.52,-4.42599
19149.78,-13.3418
19165.04,-7.18855
19180.3,12.9885
19195.56,-6.37892
19210.82,-2.29641
19226.07,1.59964
19241.33,7.1493
19256.59,1.67815
19271.85,-9.09242
19287.11,3.38083
19302.37,-9.53894
19317.63,-9.48006
19332.89,-1.69777
19348.14,21.0946
19363.4,6.89414
19378.66,-2.84107
19393.92,-3.75375
19409.18,-4.40636
19424.44,5.20127
19439.7,-12.1052
19454.96,-7.85098
19470.21,10.1719
19485.47,14.7353
19500.73,-0.701681
19515.99,-1.90877
19531.25,7.03153
19546.51,6.87942
19561.77,-6.95302
19577.03,-3.20418
19592.29,-14.5538
19607.54,8.98937
19622.8,-7.69887
19638.06,2.44852
19653.32,6.32004
19668.58,-4.55357
19683.84,2.55157
19699.1,-1.18255
19714.36,6.50159
19729.61,-1.90386
19744.87,-8.83235
19760.13,-2.01181
19775.39,2.68896
19790.65,-1.45734
19805.91,-4.62717
19821.17,-0.0490686
19836.43,10.7362
19851.68,2.05107
19866.94,1.2169
19882.2,2.49269
19897.46,0.436711
19912.72,-4.11686
19927.98,-25.8788
19943.24,-10.697
19958.5,4.66643
19973.75,6.38383
19989.01,0.947025
20004.27,2.89014
20019.53,-1.10895
20034.79,-5.3632
20050.05,-5.61345
20065.31,-1.09914
20080.57,-8.71459
20095.83,0.161926
20111.08,4.7155
20126.34,-7.24744
20141.6,4.61736
20156.86,-27.6747
20172.12,-14.3084
20187.38,8.18465
20202.64,-10.6185
20217.9,-1.55548
20233.15,3.08151
20248.41,-1.11386
20263.67,-18.3517
20278.93,5.7214
20294.19,-3.84698
20309.45,-11.5655
20324.71,-9.00409
20339.97,0.569196
20355.22,11.8648
20370.48,-6.42308
20385.74,-3.77828
20401,-25.2703
20416.26,-1.84989
20431.52,-5.33376
20446.78,5.30432
20462.04,-5.9324
20477.29,-0.318946
20492.55,-0.82926
20507.81,4.10214
20523.07,4.96575
20538.33,-11.2465
20553.59,1.02553
20568.85,9.47515
20584.11,-12.6254
20599.37,-8.17974
20614.62,10.113
20629.88,-1.34448
20645.14,0.201181
20660.4,9.14639
20675.66,0.34348
20690.92,-6.06488
20706.18,0.726216
20721.44,3.61636
20736.69,-4.12176
20751.95,-3.46425
20767.21,-2.70368
20782.47,1.48187
20797.73,2.02653
20812.99,15.3879
20828.25,9.90696
20843.51,-10.7951
20858.76,-5.15221
20874.02,2.77728
20889.28,3.83226
20904.54,-2.39946
20919.8,-0.431804
20935.06,9.62727
20950.32,16.6343
20965.58,7.19837
20980.83,-2.47797
20996.09,-12.6597
21011.35,-3.39555
21026.61,1.11386
21041.87,-1.76647
21057.13,-5.94712
21072.39,-7.0757
21087.65,-5.85879
21102.91,0.0785098
21118.16,-1.82535
21133.42,-2.51722
21148.68,-1.32976
21163.94,-11.6881
21179.2,5.01972
21194.46,-1.82535
21209.72,-2.20318
21224.98,7.17383
21240.23,-1.72231
21255.49,-2.74784
21270.75,-5.55457
21286.01,-0.225716
21301.27,7.74794
21316.53,-3.46425
21331.79,-7.49278
21347.05,-0.142299
21362.3,-0.461245
21377.56,-12.3064
21392.82,1.32976
21408.08,-15.859
21423.34,-1.46715
21438.6,4.0776
21453.86,10.1081
21469.12,-12.7235
21484.38,-15.3977
21499.63,4.61736
21514.89,5.84898
21530.15,8.23862
21545.41,6.86961
21560.67,-6.66843
21575.93,-13.8668
21591.19,8.34167
21606.45,-14.3918
21621.7,-9.17583
21636.96,-12.277
21652.22,-6.36911
21667.48,-1.15311
21682.74,3.37592
21698,-5.05407
21713.26,1.68796
21728.52,0.368015
21743.77,6.84507
21759.03,-1.9284
21774.29,4.26406
21789.55,-4.17574
21804.81,5.84407
21820.07,5.16202
21835.33,-0.333667
21850.59,20.5598
21865.84,-14.7697
21881.1,-4.81854
21896.36,0.706588
21911.62,0.368015
21926.88,3.26797
21942.14,0.598637
21957.4,6.37892
21972.66,-5.40246
21987.92,-0.17174
22003.17,-4.90686
22018.43,-7.82154
22033.69,-7.01191
22048.95,3.16983
22064.21,-0.986279
22079.47,7.63999
22094.73,-12.537
22109.99,-0.0785098
22125.24,-2.59082
22140.5,2.82635
22155.76,-0.255157
22171.02,-5.08351
22186.28,4.74003
22201.54,4.63208
22216.8,-11.065
22232.06,-2.27188
22247.31,-1.76156
22262.57,31.1733
22277.83,-1.88424
22293.09,0.961745
22308.35,1.24144
22323.61,3.83717
22338.87,-4.41618
22354.13,-1.24144
22369.38,-5.48097
22384.64,11.0012
22399.9,4.60754
22415.16,8.05216
22430.42,2.18846
22445.68,-5.27978
22460.94,-0.569196
22476.2,0.525034
22491.46,1.7861
22506.71,-27.5177
22521.97,13.7196
22537.23,-4.24444
22552.49,-0.942118
22567.75,1.31504
22583.01,-1.75175
22598.27,-9.15621
22613.53,7.52713
22628.78,19.8777
22644.04,0.65752
22659.3,-2.97356
22674.56,1.8597
22689.82,5.62817
22705.08,-11.801
22720.34,0.868515
22735.6,-3.25325
22750.85,-5.87351
22766.11,3.91568
22781.37,-2.31604
22796.63,3.76356
22811.89,-1.01081
22827.15,-2.65952
22842.41,-10.1916
22857.67,-11.0453
22872.92,-24.7846
22888.18,-1.88914
