LECROYWR44Xi,13218,Waveform
Segments,1,SegmentSize,1477
Segment,TrigTime,TimeSinceSegment1
#1,15-Jul-2010 18:27:47,0                 
Time,Ampl
13.02246,63.8403
28.28125,2.63244
43.54004,5.00506
58.79883,5.14722
74.05762,4.33347
89.31641,7.4071
104.5752,9.43657
119.834,4.07856
135.0928,10.1768
150.3516,2.72558
165.6104,7.79927
180.8691,5.19134
196.1279,7.03944
211.3867,7.19631
226.6455,9.47089
241.9043,16.9221
257.1631,5.44625
272.4219,13.7798
287.6807,7.27474
302.9395,7.49534
318.1982,11.1964
333.457,11.0788
348.7158,8.26497
363.9746,9.0444
379.2334,14.8877
394.4922,10.5592
409.751,7.21101
425.0098,5.34331
440.2686,5.96097
455.5273,7.37278
470.7861,10.0395
486.0449,5.18644
501.3037,8.43164
516.5625,7.45612
531.8213,7.14729
547.0801,8.31399
562.3389,2.50498
577.5977,8.63753
592.8564,9.46108
608.1152,8.44635
623.374,6.41687
638.6328,7.52475
653.8916,7.09336
669.1504,7.83848
684.4092,10.1719
699.668,6.98552
714.9268,5.108
730.1855,6.77472
745.4443,7.28454
760.7031,6.12765
775.9619,6.64727
791.2207,7.57377
806.4795,6.32373
821.7383,7.57867
836.9971,4.65211
852.2559,7.23062
867.5146,6.51001
882.7734,10.1425
898.0322,7.83848
913.291,10.3729
928.5498,10.0689
943.8086,8.03457
959.0674,13.319
974.3262,5.80411
989.585,8.28948
1004.844,8.02476
1020.103,9.31402
1035.361,8.92675
1050.62,6.98552
1065.879,9.05911
1081.138,7.09336
1096.396,9.19147
1111.655,7.24533
1126.914,9.94149
1142.173,6.43648
1157.432,5.70116
1172.69,6.0296
1187.949,10.868
1203.208,6.2649
1218.467,6.98552
1233.726,8.3385
1248.984,7.89241
1264.243,5.64234
1279.502,6.91689
1294.761,6.22079
1310.02,8.24536
1325.278,6.2649
1340.537,6.58844
1355.796,6.40216
1371.055,6.99532
1386.313,6.39726
1401.572,4.79917
1416.831,10.1229
1432.09,6.51981
1447.349,5.28448
1462.607,6.4855
1477.866,6.0247
1493.125,11.0102
1508.384,5.72567
1523.643,7.46592
1538.901,6.45118
1554.16,6.08353
1569.419,10.064
1584.678,11.5592
1599.937,7.30905
1615.195,7.98555
1630.454,8.74537
1645.713,5.80411
1660.972,5.49527
1676.23,5.47076
1691.489,7.58357
1706.748,9.45618
1722.007,8.96597
1737.266,9.75031
1752.524,6.05411
1767.783,6.91198
1783.042,4.96094
1798.301,6.29922
1813.56,8.49046
1828.818,5.38252
1844.077,6.88747
1859.336,6.89238
1874.595,6.88257
1889.854,8.70126
1905.112,8.17183
1920.371,9.0297
1935.63,18.0545
1950.889,6.17667
1966.147,17.5202
1981.406,8.97577
1996.665,7.95123
2011.924,8.64243
2027.183,12.6916
2042.441,6.7257
2057.7,6.26
2072.959,5.42174
2088.218,9.71599
2103.477,7.66691
2118.735,6.99042
2133.994,7.71593
2149.253,6.16686
2164.512,9.01499
2179.771,8.01496
2195.029,5.95607
2210.288,7.27474
2225.547,6.97571
2240.806,8.37772
2256.064,7.6473
2271.323,5.30409
2286.582,10.5837
2301.841,12.4122
2317.1,6.44628
2332.358,5.50017
2347.617,5.03447
2362.876,4.89721
2378.135,7.6375
2393.394,7.93162
2408.652,6.76982
2423.911,7.23062
2439.17,7.8728
2454.429,6.84826
2469.688,8.52478
2484.946,8.74047
2500.205,8.26987
2515.464,9.19637
2530.723,8.31399
2545.981,7.37768
2561.24,6.07862
2576.499,8.03457
2591.758,9.57383
2607.017,8.84342
2622.275,6.21588
2637.534,7.93653
2652.793,7.52965
2668.052,7.71593
2683.311,8.75028
2698.569,9.47089
2713.828,8.99048
2729.087,15.3779
2744.346,9.08852
2759.604,6.51001
2774.863,6.52472
2790.122,5.45115
2805.381,9.67187
2820.64,8.63753
2835.898,6.51001
2851.157,8.22085
2866.416,8.40223
2881.675,8.67184
2896.934,8.69145
2912.192,7.54926
2927.451,6.37275
2942.71,7.61299
2957.969,18.7996
2973.228,7.05414
2988.486,9.56403
3003.745,5.5541
3019.004,9.01009
3034.263,9.76992
3049.521,7.00022
3064.78,8.40713
3080.039,9.87286
3095.298,11.7063
3110.557,6.82375
3125.815,13.5102
3141.074,11.0788
3156.333,5.06389
3171.592,6.7257
3186.851,9.36794
3202.109,6.17667
3217.368,6.65217
3232.627,13.4563
3247.886,8.41203
3263.145,6.77472
3278.403,10.5935
3293.662,10.3533
3308.921,8.37281
3324.18,11.1817
3339.438,8.47576
3354.697,6.76982
3369.956,6.9414
3385.215,9.0444
3400.474,7.37768
3415.732,8.36791
3430.991,7.98064
3446.25,6.78453
3461.509,5.108
3476.768,13.3387
3492.026,17.6819
3507.285,9.37285
3522.544,8.71106
3537.803,7.8777
3553.062,8.12771
3568.32,9.41206
3583.579,6.61786
3598.838,7.79927
3614.097,11.6572
3629.355,6.00509
3644.614,6.20118
3659.873,8.55909
3675.132,8.1179
3690.391,15.6476
3705.649,8.70126
3720.908,7.56887
3736.167,5.82371
3751.426,6.39726
3766.685,7.6424
3781.943,7.65711
3797.202,15.623
3812.461,6.46099
3827.72,6.30902
3842.979,10.7209
3858.237,8.26007
3873.496,5.559
3888.755,8.89244
3904.014,12.6916
3919.272,11.7553
3934.531,7.8826
3949.79,8.58361
3965.049,7.01983
3980.308,10.716
3995.566,8.96107
4010.825,9.92188
4026.084,8.01986
4041.343,5.94627
4056.602,7.92672
4071.86,8.73067
4087.119,7.22572
4102.378,5.86293
4117.637,8.52968
4132.896,9.84835
4148.154,7.10317
4163.413,7.1718
4178.672,8.97577
4193.931,15.1426
4209.189,6.59335
4224.448,8.06398
4239.707,13.0641
4254.966,6.51001
4270.225,11.8141
4285.483,8.59341
4300.742,8.83361
4316.001,7.21591
4331.26,8.04437
4346.519,7.03944
4361.777,6.4757
4377.036,9.84345
4392.295,6.27961
4407.554,8.36301
4422.813,14.1083
4438.071,7.02963
4453.33,9.966
4468.589,6.83355
4483.848,5.23546
4499.106,7.02473
4514.365,10.7454
4529.624,5.64234
4544.883,11.3974
4560.142,6.70609
4575.4,6.22569
4590.659,5.7992
4605.918,8.66204
4621.177,7.69142
4636.436,6.70609
4651.694,7.38749
4666.953,7.03454
4682.212,7.34337
4697.471,8.58361
4712.729,9.86796
4727.988,11.1425
4743.247,5.94136
4758.506,5.14722
4773.765,9.24539
4789.023,5.30409
4804.282,7.76985
4819.541,15.0642
4834.8,7.11787
4850.059,8.00516
4865.317,7.76005
4880.576,14.4367
4895.835,8.95126
4911.094,6.711
4926.353,6.62766
4941.611,6.91198
4956.87,7.75515
4972.129,8.01986
4987.388,4.92172
5002.646,5.41684
5017.905,14.8534
5033.164,9.23559
5048.423,6.89238
5063.682,7.32376
5078.94,6.88747
5094.199,5.3188
5109.458,12.1671
5124.717,6.26981
5139.976,12.7161
5155.234,7.26003
5170.493,6.46589
5185.752,6.89238
5201.011,5.28448
5216.27,8.91695
5231.528,7.89731
5246.787,8.83361
5262.046,13.3828
5277.305,9.57873
5292.563,6.22079
5307.822,11.8092
5323.081,6.46589
5338.34,8.17183
5353.599,9.30912
5368.857,8.77969
5384.116,5.83352
5399.375,7.27964
5414.634,8.53458
5429.893,5.28448
5445.151,10.9709
5460.41,6.99532
5475.669,10.515
5490.928,7.6424
5506.187,5.7845
5521.445,8.76008
5536.704,7.74534
5551.963,9.86306
5567.222,12.172
5582.48,5.60312
5597.739,6.29922
5612.998,5.88744
5628.257,6.80904
5643.516,10.8974
5658.774,7.94143
5674.033,8.25516
5689.292,11.5053
5704.551,11.1474
5719.81,6.37275
5735.068,7.25023
5750.327,8.35811
5765.586,10.7552
5780.845,5.99529
5796.104,10.1229
5811.362,6.15706
5826.621,6.21098
5841.88,10.1327
5857.139,9.07382
5872.397,11.569
5887.656,6.89238
5902.915,8.564
5918.174,6.98061
5933.433,11.1523
5948.691,9.51011
5963.95,6.85316
5979.209,21.2801
5994.468,19.4026
6009.727,7.67671
6024.985,7.84339
6040.244,6.78943
6055.503,9.52481
6070.762,5.27468
6086.021,7.13748
6101.279,13.8338
6116.538,6.7257
6131.797,9.7356
6147.056,10.0886
6162.314,15.5838
6177.573,7.15709
6192.832,8.64733
6208.091,7.00512
6223.35,7.72573
6238.608,5.53939
6253.867,6.9463
6269.126,8.36301
6284.385,10.3876
6299.644,9.27971
6314.902,14.6328
6330.161,8.12771
6345.42,7.51985
6360.679,5.80901
6375.938,10.0738
6391.196,6.24039
6406.455,5.54429
6421.714,5.14722
6436.973,6.55903
6452.231,6.91689
6467.49,10.4366
6482.749,6.38746
6498.008,8.01006
6513.267,15.4515
6528.525,8.18653
6543.784,13.5004
6559.043,7.25023
6574.302,10.917
6589.561,7.29925
6604.819,7.44141
6620.078,8.50027
6635.337,6.40216
6650.596,13.7848
6665.854,9.70619
6681.113,9.85325
6696.372,6.58354
6711.631,5.81881
6726.89,8.15712
6742.148,7.00022
6757.407,7.15219
6772.666,10.2797
6787.925,8.23555
6803.184,8.04437
6818.442,8.89734
6833.701,5.82371
6848.96,4.69623
6864.219,7.53945
6879.478,5.20115
6894.736,7.4169
6909.995,6.69139
6925.254,8.1179
6940.513,8.27967
6955.771,7.80417
6971.03,6.51001
6986.289,6.91198
7001.548,11.0102
7016.807,6.70609
7032.065,8.40223
7047.324,11.1768
7062.583,7.39729
7077.842,4.65211
7093.101,8.0983
7108.359,14.2701
7123.618,8.30909
7138.877,5.81881
7154.136,8.41203
7169.395,9.22088
7184.653,7.97084
7199.912,7.08356
7215.171,12.9122
7230.43,7.50024
7245.688,6.78453
7260.947,7.01003
7276.206,5.89234
7291.465,4.82858
7306.724,6.69139
7321.982,6.23059
7337.241,8.01006
7352.5,6.99532
7367.759,6.00999
7383.018,9.71109
7398.276,8.39732
7413.535,9.01989
7428.794,6.63256
7444.053,17.2015
7459.312,5.84822
7474.57,5.62763
7489.829,9.87776
7505.088,13.1524
7520.347,8.28458
7535.605,9.2552
7550.864,9.85325
7566.123,13.0592
7581.382,8.30909
7596.641,5.16683
7611.899,8.7993
7627.158,9.77972
7642.417,9.76011
7657.676,6.47079
7672.935,8.93656
7688.193,14.2308
7703.452,9.42677
7718.711,5.94627
7733.97,6.77963
7749.229,7.34827
7764.487,7.44631
7779.746,8.39732
7795.005,9.11303
7810.264,8.3483
7825.522,10.1572
7840.781,12.0347
7856.04,4.83349
7871.299,7.19631
7886.558,8.99048
7901.816,5.07369
7917.075,6.67178
7932.334,6.15706
7947.593,9.63266
7962.852,6.43648
7978.11,8.32379
7993.369,5.20605
8008.628,8.94146
8023.887,6.65217
8039.146,5.82371
8054.404,7.39239
8069.663,9.65227
8084.922,5.99529
8100.181,7.29435
8115.439,14.0299
8130.698,4.81388
8145.957,7.25023
8161.216,8.67675
8176.475,6.00509
8191.733,11.466
8206.992,6.9512
8222.251,9.53462
8237.51,9.09343
8252.769,13.5789
8268.027,7.60808
8283.286,5.97078
8298.545,5.58841
8313.804,7.08356
8329.063,6.84335
8344.321,8.26007
8359.58,8.07869
8374.839,9.09833
8390.098,8.47576
8405.356,8.7993
8420.615,14.3583
8435.874,10.3239
8451.133,7.92672
8466.392,7.02473
8481.65,11.4955
8496.909,8.64733
8512.168,14.8191
8527.427,7.69142
8542.686,5.29429
8557.944,12.569
8573.203,8.25516
8588.462,5.46096
8603.721,7.65711
8618.979,6.26981
8634.238,11.9563
8649.497,4.52465
8664.756,6.34334
8680.015,7.04434
8695.273,10.6278
8710.532,10.0248
8725.791,5.52959
8741.05,9.67187
8756.309,8.39732
8771.567,10.9023
8786.826,6.83355
8802.085,16.5054
8817.344,8.31399
8832.603,7.48063
8847.861,6.69629
8863.12,6.70609
8878.379,12.0935
8893.638,6.45118
8908.896,8.69145
8924.155,9.35814
8939.414,13.3877
8954.673,8.50027
8969.932,6.88257
8985.19,6.0296
9000.449,8.50027
9015.708,8.67675
9030.967,7.38259
9046.226,7.74044
9061.484,6.27471
9076.743,11.819
9092.002,6.50021
9107.261,8.44635
9122.52,6.85806
9137.778,7.02473
9153.037,7.44631
9168.296,7.31396
9183.555,6.15706
9198.813,6.57374
9214.072,9.86306
9229.331,6.76982
9244.59,6.15706
9259.849,8.53458
9275.107,7.57867
9290.366,6.34334
9305.625,7.61299
9320.884,12.7553
9336.143,16.6427
9351.401,11.3631
9366.66,9.17186
9381.919,8.81891
9397.178,7.79436
9412.437,7.58848
9427.695,13.8632
9442.954,10.167
9458.213,5.20605
9473.472,7.12768
9488.73,6.16196
9503.989,6.65217
9519.248,7.04924
9534.507,10.4072
9549.766,8.94146
9565.024,19.9712
9580.283,7.24043
9595.542,6.31393
9610.801,12.1621
9626.06,7.80907
9641.318,7.96104
9656.577,6.66198
9671.836,14.0936
9687.095,6.46099
9702.354,6.63256
9717.612,5.25507
9732.871,6.08353
9748.13,6.34334
9763.389,7.16689
9778.647,6.77472
9793.906,9.69639
9809.165,7.96594
9824.424,6.53452
9839.683,7.66201
9854.941,7.92672
9870.2,12.6229
9885.459,7.26984
9900.718,12.4857
9915.977,8.59831
9931.235,10.1474
9946.494,8.73557
9961.753,6.46589
9977.012,5.82862
9992.271,7.8679
10007.53,6.36295
10022.79,8.12771
10038.05,10.7062
10053.31,7.45612
10068.56,14.6671
10083.82,10.1082
10099.08,10.4562
10114.34,7.79436
10129.6,5.69626
10144.86,7.8875
10160.12,8.68655
10175.38,7.27474
10190.63,6.0149
10205.89,13.7161
10221.15,6.66688
10236.41,8.25516
10251.67,5.18154
10266.93,5.14232
10282.19,11.7504
10297.45,17.7898
10312.71,8.41693
10327.96,6.27961
10343.22,6.42667
10358.48,7.91692
10373.74,6.09823
10389,6.4904
10404.26,9.28461
10419.52,11.4562
10434.78,5.81881
10450.03,7.6473
10465.29,6.93649
10480.55,6.20608
10495.81,12.2063
10511.07,5.20605
10526.33,7.45612
10541.59,9.28461
10556.85,9.12774
10572.1,7.24533
10587.36,8.78949
10602.62,7.96104
10617.88,8.41203
10633.14,6.81394
10648.4,8.26987
10663.66,13.8828
10678.92,4.67172
10694.17,8.16693
10709.43,9.24539
10724.69,7.11297
10739.95,6.37275
10755.21,8.48556
10770.47,10.265
10785.73,10.1572
10800.99,10.0738
10816.25,6.65707
10831.5,15.0544
10846.76,7.76985
10862.02,8.25516
10877.28,14.0446
10892.54,10.3337
10907.8,10.2454
10923.06,7.6522
10938.32,6.84335
10953.57,8.36791
10968.83,6.53942
10984.09,9.82384
10999.35,9.43657
11014.61,6.00019
11029.87,4.46093
11045.13,7.72573
11060.39,8.62772
11075.64,34.0158
11090.9,7.37768
11106.16,6.27471
11121.42,5.92176
11136.68,6.29432
11151.94,5.46586
11167.2,5.53939
11182.46,9.2699
11197.71,10.1376
11212.97,7.01493
11228.23,9.7307
11243.49,7.38749
11258.75,11.4906
11274.01,8.26987
11289.27,9.18657
11304.53,6.99042
11319.79,8.74537
11335.04,7.61299
11350.3,5.77469
11365.56,6.92179
11380.82,8.05418
11396.08,7.10807
11411.34,12.9073
11426.6,7.39239
11441.86,6.37275
11457.11,6.34334
11472.37,7.97084
11487.63,7.82378
11502.89,10.8582
11518.15,6.98552
11533.41,9.30422
11548.67,7.13748
11563.93,5.85803
11579.18,8.30909
11594.44,8.28458
11609.7,6.60805
11624.96,9.93169
11640.22,7.51985
11655.48,7.77476
11670.74,11.1278
11686,9.18166
11701.25,7.03944
11716.51,9.66207
11731.77,12.6328
11747.03,7.06395
11762.29,6.88747
11777.55,6.17667
11792.81,9.87776
11808.07,5.93156
11823.33,11.6817
11838.58,8.14732
11853.84,5.35311
11869.1,5.15212
11884.36,10.9023
11899.62,8.04927
11914.88,7.81888
11930.14,7.29925
11945.4,7.86299
11960.65,10.6915
11975.91,7.95123
11991.17,7.26984
12006.43,6.86296
12021.69,9.28461
12036.95,6.89728
12052.21,5.91685
12067.47,7.13748
12082.72,6.30412
12097.98,12.9661
12113.24,7.76985
12128.5,8.81891
12143.76,7.74534
12159.02,18.3339
12174.28,8.28948
12189.54,11.4121
12204.79,8.46105
12220.05,6.67668
12235.31,6.92179
12250.57,6.9463
12265.83,8.92185
12281.09,7.47082
12296.35,9.48069
12311.61,10.2895
12326.87,6.67668
12342.12,16.5544
12357.38,10.7111
12372.64,9.79443
12387.9,4.88251
12403.16,6.21098
12418.42,8.06888
12433.68,8.42184
12448.94,8.35811
12464.19,7.16689
12479.45,8.19144
12494.71,6.54432
12509.97,6.98552
12525.23,4.93643
12540.49,13.4024
12555.75,7.24533
12571.01,8.31399
12586.26,12.3533
12601.52,7.26984
12616.78,5.7943
12632.04,6.86786
12647.3,5.5492
12662.56,6.07372
12677.82,11.7063
12693.08,10.3141
12708.33,12.1376
12723.59,6.63256
12738.85,6.36295
12754.11,10.7896
12769.37,6.81884
12784.63,6.40216
12799.89,7.09336
12815.15,4.10797
12830.41,5.30409
12845.66,6.89238
12860.92,8.88263
12876.18,11.9318
12891.44,8.36301
12906.7,6.12274
12921.96,12.7651
12937.22,11.7553
12952.48,6.65217
12967.73,6.7257
12982.99,7.68652
12998.25,6.85806
13013.51,7.68652
13028.77,6.46099
13044.03,5.31389
13059.29,6.41687
13074.55,7.26984
13089.8,7.56887
13105.06,7.4218
13120.32,7.78456
13135.58,12.3092
13150.84,8.814
13166.1,7.82868
13181.36,10.167
13196.62,13.7651
13211.88,7.56397
13227.13,5.70606
13242.39,6.77472
13257.65,6.18157
13272.91,11.0445
13288.17,9.15715
13303.43,16.3191
13318.69,7.60318
13333.95,7.02963
13349.2,5.05898
13364.46,8.65223
13379.72,10.4415
13394.98,8.45615
13410.24,8.07379
13425.5,6.62766
13440.76,10.4562
13456.02,7.67181
13471.27,6.78943
13486.53,13.6426
13501.79,6.85806
13517.05,5.36291
13532.31,6.65217
13547.57,8.52478
13562.83,7.6473
13578.09,10.1768
13593.34,9.21108
13608.6,11.9857
13623.86,10.3091
13639.12,11.5298
13654.38,5.42664
13669.64,9.10813
13684.9,6.85806
13700.16,4.74525
13715.42,7.13258
13730.67,6.91689
13745.93,10.8484
13761.19,6.69139
13776.45,7.00512
13791.71,13.0641
13806.97,8.29928
13822.23,5.97078
13837.49,4.58838
13852.74,16.128
13868,9.11303
13883.26,7.65711
13898.52,18.0398
13913.78,8.68655
13929.04,6.59335
13944.3,7.09336
13959.56,6.97081
13974.81,10.1866
13990.07,7.71593
14005.33,6.14235
14020.59,8.95126
14035.85,7.67181
14051.11,6.32863
14066.37,5.68645
14081.63,7.73554
14096.88,10.8435
14112.14,9.76011
14127.4,6.50021
14142.66,7.49043
14157.92,8.87773
14173.18,12.8435
14188.44,10.3533
14203.7,8.30418
14218.96,7.50024
14234.21,8.51007
14249.47,9.36794
14264.73,6.73551
14279.99,6.7257
14295.25,7.03944
14310.51,7.97574
14325.77,7.55416
14341.03,11.7896
14356.28,8.74047
14371.54,5.06389
14386.8,9.46108
14402.06,14.4073
14417.32,8.94636
14432.58,7.47573
14447.84,5.87273
14463.1,10.0591
14478.35,5.70606
14493.61,18.9663
14508.87,8.51498
14524.13,7.8777
14539.39,5.5639
14554.65,6.88257
14569.91,18.5202
14585.17,7.15219
14600.42,13.1377
14615.68,6.81394
14630.94,8.01986
14646.2,10.0984
14661.46,6.50021
14676.72,7.14238
14691.98,6.44138
14707.24,6.84826
14722.5,10.515
14737.75,7.08846
14753.01,8.62282
14768.27,8.38262
14783.53,8.59831
14798.79,6.90218
14814.05,7.91202
14829.31,5.97078
14844.57,6.81884
14859.82,6.65707
14875.08,11.6964
14890.34,5.7943
14905.6,5.73548
14920.86,4.88251
14936.12,8.38262
14951.38,16.7603
14966.64,7.01493
14981.89,7.91692
14997.15,7.19631
15012.41,8.26497
15027.67,9.51501
15042.93,5.90215
15058.19,21.5056
15073.45,7.31886
15088.71,7.07375
15103.96,11.2356
15119.22,7.25023
15134.48,12.8288
15149.74,8.86303
15165,9.81894
15180.26,8.45615
15195.52,8.20124
15210.78,8.36301
15226.04,6.09823
15241.29,14.6181
15256.55,6.0296
15271.81,5.68155
15287.07,10.0886
15302.33,5.58841
15317.59,8.96597
15332.85,6.9512
15348.11,11.77
15363.36,7.67671
15378.62,5.04428
15393.88,10.4562
15409.14,9.14735
15424.4,16.2015
15439.66,6.13745
15454.92,12.873
15470.18,12.77
15485.43,10.4709
15500.69,6.38746
15515.95,7.01983
15531.21,5.38743
15546.47,7.6375
15561.73,6.91689
15576.99,9.20617
15592.25,5.95117
15607.5,7.92672
15622.76,8.5787
15638.02,5.12271
15653.28,7.27474
15668.54,6.2453
15683.8,6.00509
15699.06,9.46108
15714.32,8.28458
15729.58,6.4757
15744.83,8.76008
15760.09,5.95117
15775.35,5.36291
15790.61,7.84829
15805.87,8.08849
15821.13,9.43657
15836.39,6.10804
15851.65,8.40713
15866.9,18.9663
15882.16,5.61292
15897.42,6.28451
15912.68,4.21582
15927.94,6.82865
15943.2,5.86293
15958.46,10.5935
15973.72,7.49043
15988.97,7.10317
16004.23,5.34331
16019.49,5.30409
16034.75,7.16689
16050.01,5.71097
16065.27,6.85316
16080.53,9.70619
16095.79,15.4809
16111.04,11.4513
16126.3,5.76489
16141.56,7.31396
16156.82,6.62766
16172.08,14.0201
16187.34,6.51491
16202.6,11.2406
16217.86,6.7257
16233.12,6.69629
16248.37,8.71106
16263.63,8.40223
16278.89,6.34824
16294.15,22.4321
16309.41,11.3484
16324.67,14.3191
16339.93,11.9023
16355.19,11.1131
16370.44,12.3729
16385.7,7.92182
16400.96,6.4757
16416.22,5.39233
16431.48,10.0395
16446.74,5.37272
16462,7.27474
16477.26,10.3827
16492.51,8.69145
16507.77,5.84332
16523.03,6.28451
16538.29,10.8533
16553.55,9.66207
16568.81,5.96588
16584.07,7.66691
16599.33,6.14725
16614.58,11.8141
16629.84,7.49534
16645.1,7.33357
16660.36,7.04434
16675.62,8.01496
16690.88,8.07379
16706.14,8.96107
16721.4,6.18157
16736.66,6.41197
16751.91,10.2993
16767.17,8.18653
16782.43,9.48069
16797.69,10.9513
16812.95,7.28454
16828.21,4.76976
16843.47,10.7062
16858.73,11.02
16873.98,10.7699
16889.24,8.74537
16904.5,8.06888
16919.76,8.70616
16935.02,8.72086
16950.28,7.66691
16965.54,5.65704
16980.8,8.23555
16996.05,8.06398
17011.31,5.72077
17026.57,12.5298
17041.83,8.72086
17057.09,6.82375
17072.35,6.29432
17087.61,8.30909
17102.87,14.324
17118.13,7.37768
17133.38,5.99529
17148.64,8.49046
17163.9,5.46586
17179.16,8.5738
17194.42,6.4953
17209.68,9.07382
17224.94,7.49534
17240.2,5.85313
17255.45,6.39236
17270.71,7.14238
17285.97,15.8338
17301.23,6.23059
17316.49,8.17183
17331.75,9.37285
17347.01,6.61295
17362.27,7.94143
17377.52,7.8875
17392.78,4.26974
17408.04,7.01983
17423.3,6.82375
17438.56,11.2455
17453.82,8.72577
17469.08,5.62273
17484.34,5.61782
17499.59,4.88251
17514.85,4.97565
17530.11,10.4121
17545.37,11.0641
17560.63,7.44631
17575.89,7.30905
17591.15,8.26497
17606.41,16.0495
17621.67,7.55416
17636.92,9.71109
17652.18,13.0347
17667.44,6.65217
17682.7,7.6375
17697.96,9.15225
17713.22,8.50027
17728.48,10.667
17743.74,5.96588
17758.99,11.7063
17774.25,7.76005
17789.51,8.26497
17804.77,11.8484
17820.03,10.8288
17835.29,6.80414
17850.55,6.58844
17865.81,6.54432
17881.06,9.86796
17896.32,10.1229
17911.58,10.6866
17926.84,8.39732
17942.1,8.05908
17957.36,8.5738
17972.62,18.53
17987.88,15.7211
18003.13,5.73057
18018.39,5.68645
18033.65,6.32863
18048.91,6.66688
18064.17,6.56884
18079.43,6.07862
18094.69,10.0297
18109.95,10.1523
18125.21,7.10807
18140.46,6.89238
18155.72,9.45128
18170.98,8.69635
18186.24,7.93162
18201.5,10.064
18216.76,7.86299
18232.02,9.01009
18247.28,7.53945
18262.53,11.2749
18277.79,10.4366
18293.05,9.2601
18308.31,6.77472
18323.57,6.93159
18338.83,7.01003
18354.09,18.0447
18369.35,8.47086
18384.6,7.10317
18399.86,10.966
18415.12,10.9366
18430.38,6.76002
18445.64,27.643
18460.9,4.57858
18476.16,9.64246
18491.42,6.40707
18506.67,8.04927
18521.93,6.0149
18537.19,11.2356
18552.45,26.9273
18567.71,11.9268
18582.97,6.29922
18598.23,5.69626
18613.49,9.06401
18628.75,5.75999
18644,7.58357
18659.26,11.2455
18674.52,5.68645
18689.78,7.48063
18705.04,5.16683
18720.3,10.6523
18735.56,10.2258
18750.82,6.40216
18766.07,7.22572
18781.33,5.37762
18796.59,7.65711
18811.85,4.87761
18827.11,5.06879
18842.37,6.91689
18857.63,7.93162
18872.89,13.9269
18888.14,4.98055
18903.4,6.78943
18918.66,5.59822
18933.92,7.97574
18949.18,7.45612
18964.44,8.82381
18979.7,10.8386
18994.96,6.35804
19010.21,8.55419
19025.47,6.78943
19040.73,7.08356
19055.99,8.08359
19071.25,7.91692
19086.51,7.52475
19101.77,7.36788
19117.03,7.72573
19132.29,4.68152
19147.54,7.33357
19162.8,8.41693
19178.06,6.00019
19193.32,8.15222
19208.58,16.9662
19223.84,8.84342
19239.1,6.27471
19254.36,12.069
19269.61,5.63253
19284.87,6.93649
19300.13,16.0103
19315.39,6.29432
19330.65,7.61789
19345.91,9.13754
19361.17,16.074
19376.43,8.54439
19391.68,9.45128
19406.94,5.57371
19422.2,12.4122
19437.46,7.43161
19452.72,7.36298
19467.98,7.23552
19483.24,14.2603
19498.5,7.30415
19513.75,5.3335
19529.01,8.03457
19544.27,6.55413
19559.53,7.78946
19574.79,11.3974
19590.05,7.26984
19605.31,5.87764
19620.57,17.177
19635.83,15.7995
19651.08,7.16689
19666.34,8.31399
19681.6,7.72573
19696.86,6.76492
19712.12,22.7115
19727.38,5.39723
19742.64,7.38749
19757.9,7.42671
19773.15,7.31396
19788.41,8.1179
19803.67,11.3778
19818.93,6.89238
19834.19,8.23065
19849.45,10.2699
19864.71,9.69148
19879.97,10.7994
19895.22,7.412
19910.48,7.36788
19925.74,6.67668
19941,10.1425
19956.26,12.52
19971.52,7.65711
19986.78,9.54442
20002.04,6.78943
20017.29,5.64724
20032.55,6.19137
20047.81,18.3927
20063.07,7.24043
20078.33,7.8777
20093.59,9.88267
20108.85,9.38755
20124.11,6.34824
20139.37,7.69142
20154.62,12.5151
20169.88,9.17186
20185.14,9.51991
20200.4,7.11297
20215.66,3.58835
20230.92,8.26497
20246.18,17.03
20261.44,6.54923
20276.69,6.98061
20291.95,14.3044
20307.21,8.78949
20322.47,7.07866
20337.73,6.9414
20352.99,17.5153
20368.25,7.46592
20383.51,9.05421
20398.76,10.0444
20414.02,6.15216
20429.28,7.80417
20444.54,7.70122
20459.8,13.9416
20475.06,7.84829
20490.32,6.06392
20505.58,12.1965
20520.83,7.36788
20536.09,6.2502
20551.35,7.46102
20566.61,8.62772
20581.87,6.9414
20597.13,7.01493
20612.39,8.13261
20627.65,8.69635
20642.91,13.3092
20658.16,9.18657
20673.42,5.7894
20688.68,7.05905
20703.94,5.83842
20719.2,6.22079
20734.46,7.4218
20749.72,6.04921
20764.98,6.87277
20780.23,7.76005
20795.49,8.14241
20810.75,8.65223
20826.01,11.8141
20841.27,10.3239
20856.53,7.31396
20871.79,6.45609
20887.05,15.1132
20902.3,4.48053
20917.56,6.9463
20932.82,8.814
20948.08,10.5248
20963.34,10.1817
20978.6,8.98558
20993.86,4.22562
21009.12,8.52968
21024.38,6.70609
21039.63,9.35324
21054.89,7.45612
21070.15,9.86796
21085.41,6.28451
21100.67,6.59335
21115.93,7.00512
21131.19,5.65704
21146.45,8.83852
21161.7,6.16686
21176.96,7.38259
21192.22,8.72577
21207.48,16.3878
21222.74,8.67675
21238,5.62763
21253.26,6.67668
21268.52,13.4612
21283.77,6.68158
21299.03,7.48063
21314.29,8.1179
21329.55,9.9562
21344.81,12.422
21360.07,4.89721
21375.33,7.412
21390.59,7.09336
21405.84,9.39245
21421.1,9.19147
21436.36,4.94624
21451.62,5.49037
21466.88,12.4612
21482.14,17.4172
21497.4,8.46595
21512.66,12.4465
21527.92,6.96591
21543.17,7.53455
21558.43,6.74041
21573.69,13.9955
21588.95,8.49537
21604.21,9.86796
21619.47,10.1425
21634.73,8.38752
21649.99,8.7993
21665.24,7.42671
21680.5,9.00029
21695.76,5.07859
21711.02,9.53462
21726.28,8.62282
21741.54,6.98061
21756.8,7.72573
21772.06,6.91689
21787.31,10.0248
21802.57,9.47089
21817.83,6.27961
21833.09,9.27971
21848.35,5.91195
21863.61,6.39236
21878.87,7.71593
21894.13,19.0398
21909.38,18.6427
21924.64,7.91202
21939.9,23.4566
21955.16,7.13748
21970.42,10.0444
21985.68,12.5494
22000.94,6.74041
22016.2,10.6033
22031.46,14.074
22046.71,5.24036
22061.97,7.86299
22077.23,6.54923
22092.49,10.8141
22107.75,8.68655
22123.01,10.2454
22138.27,7.10317
22153.53,8.27477
22168.78,9.13754
22184.04,9.36794
22199.3,5.90705
22214.56,11.2356
22229.82,7.04434
22245.08,11.3141
22260.34,16.5446
22275.6,6.65217
22290.85,4.50504
22306.11,9.9513
22321.37,8.82871
22336.63,9.31402
22351.89,7.95613
22367.15,15.525
22382.41,7.06395
22397.67,7.26494
22412.92,13.9122
22428.18,6.97081
22443.44,10.1768
22458.7,8.02476
22473.96,12.873
22489.22,8.35811
22504.48,4.84329
22519.74,5.5492
22535,7.54926
